# This file was produced by samtools stats (1.1+htslib-1.1) and can be plotted using plot-bamstats
# The command line was:  stats SRR24258480.rmdup_lt120.bam
# CHK, Checksum	[2]Read Names	[3]Sequences	[4]Qualities
# CHK, CRC32 of reads which passed filtering followed by addition (32bit overflow)
CHK	9b939859	048ab70f	7af1ea82
# Summary Numbers. Use `grep ^SN | cut -f 2-` to extract this part.
SN	raw total sequences:	11058453
SN	filtered sequences:	0
SN	sequences:	11058453
SN	is sorted:	1
SN	1st fragments:	5528461
SN	last fragments:	5529992
SN	reads mapped:	11058453
SN	reads mapped and paired:	11058453	# paired-end technology bit set + both mates mapped
SN	reads unmapped:	0
SN	reads properly paired:	11058453	# proper-pair bit set
SN	reads paired:	11058453	# paired-end technology bit set
SN	reads duplicated:	0	# PCR or optical duplicate bit set
SN	reads MQ0:	0	# mapped and MQ=0
SN	reads QC failed:	0
SN	non-primary alignments:	0
SN	total length:	793653054	# ignores clipping
SN	bases mapped:	793653054	# ignores clipping
SN	bases mapped (cigar):	792811974	# more accurate
SN	bases trimmed:	0
SN	bases duplicated:	0
SN	mismatches:	1357344	# from NM fields
SN	error rate:	1.712063e-03	# mismatches / bases mapped (cigar)
SN	average length:	71
SN	maximum length:	119
SN	average quality:	36.5
SN	insert size average:	106.0
SN	insert size standard deviation:	56.5
SN	inward oriented pairs:	20207
SN	outward oriented pairs:	0
SN	pairs with other orientation:	0
SN	pairs on different chromosomes:	0
# First Fragment Qualitites. Use `grep ^FFQ | cut -f 2-` to extract this part.
# Columns correspond to qualities and rows to cycles. First column is the cycle number.
FFQ	1	0	0	3	0	0	0	0	0	0	0	0	31070	0	0	0	0	0	0	0	0	0	0	0	0	0	73490	0	0	0	0	0	0	0	0	0	0	0	5423898	0	0	0	0
FFQ	2	0	0	1659	0	0	0	0	0	0	0	0	39621	0	0	0	0	0	0	0	0	0	0	0	0	0	91157	0	0	0	0	0	0	0	0	0	0	0	5396024	0	0	0	0
FFQ	3	0	0	0	0	0	0	0	0	0	0	0	34641	0	0	0	0	0	0	0	0	0	0	0	0	0	76717	0	0	0	0	0	0	0	0	0	0	0	5417103	0	0	0	0
FFQ	4	0	0	0	0	0	0	0	0	0	0	0	33572	0	0	0	0	0	0	0	0	0	0	0	0	0	80907	0	0	0	0	0	0	0	0	0	0	0	5413982	0	0	0	0
FFQ	5	0	0	0	0	0	0	0	0	0	0	0	34484	0	0	0	0	0	0	0	0	0	0	0	0	0	92725	0	0	0	0	0	0	0	0	0	0	0	5401252	0	0	0	0
FFQ	6	0	0	46	0	0	0	0	0	0	0	0	32762	0	0	0	0	0	0	0	0	0	0	0	0	0	88740	0	0	0	0	0	0	0	0	0	0	0	5406913	0	0	0	0
FFQ	7	0	0	0	0	0	0	0	0	0	0	0	31397	0	0	0	0	0	0	0	0	0	0	0	0	0	87306	0	0	0	0	0	0	0	0	0	0	0	5409758	0	0	0	0
FFQ	8	0	0	226	0	0	0	0	0	0	0	0	31702	0	0	0	0	0	0	0	0	0	0	0	0	0	84829	0	0	0	0	0	0	0	0	0	0	0	5411704	0	0	0	0
FFQ	9	0	0	0	0	0	0	0	0	0	0	0	32621	0	0	0	0	0	0	0	0	0	0	0	0	0	86999	0	0	0	0	0	0	0	0	0	0	0	5408841	0	0	0	0
FFQ	10	0	0	0	0	0	0	0	0	0	0	0	32318	0	0	0	0	0	0	0	0	0	0	0	0	0	87673	0	0	0	0	0	0	0	0	0	0	0	5408470	0	0	0	0
FFQ	11	0	0	4	0	0	0	0	0	0	0	0	32845	0	0	0	0	0	0	0	0	0	0	0	0	0	88946	0	0	0	0	0	0	0	0	0	0	0	5406666	0	0	0	0
FFQ	12	0	0	0	0	0	0	0	0	0	0	0	34122	0	0	0	0	0	0	0	0	0	0	0	0	0	93636	0	0	0	0	0	0	0	0	0	0	0	5400703	0	0	0	0
FFQ	13	0	0	0	0	0	0	0	0	0	0	0	34506	0	0	0	0	0	0	0	0	0	0	0	0	0	95429	0	0	0	0	0	0	0	0	0	0	0	5398526	0	0	0	0
FFQ	14	0	0	103	0	0	0	0	0	0	0	0	35699	0	0	0	0	0	0	0	0	0	0	0	0	0	99551	0	0	0	0	0	0	0	0	0	0	0	5393108	0	0	0	0
FFQ	15	0	0	0	0	0	0	0	0	0	0	0	35327	0	0	0	0	0	0	0	0	0	0	0	0	0	99896	0	0	0	0	0	0	0	0	0	0	0	5393238	0	0	0	0
FFQ	16	0	0	0	0	0	0	0	0	0	0	0	36261	0	0	0	0	0	0	0	0	0	0	0	0	0	100180	0	0	0	0	0	0	0	0	0	0	0	5392020	0	0	0	0
FFQ	17	0	0	10	0	0	0	0	0	0	0	0	36424	0	0	0	0	0	0	0	0	0	0	0	0	0	101477	0	0	0	0	0	0	0	0	0	0	0	5390550	0	0	0	0
FFQ	18	0	0	0	0	0	0	0	0	0	0	0	37109	0	0	0	0	0	0	0	0	0	0	0	0	0	102719	0	0	0	0	0	0	0	0	0	0	0	5388633	0	0	0	0
FFQ	19	0	0	0	0	0	0	0	0	0	0	0	37471	0	0	0	0	0	0	0	0	0	0	0	0	0	104127	0	0	0	0	0	0	0	0	0	0	0	5386863	0	0	0	0
FFQ	20	0	0	0	0	0	0	0	0	0	0	0	37345	0	0	0	0	0	0	0	0	0	0	0	0	0	103548	0	0	0	0	0	0	0	0	0	0	0	5387568	0	0	0	0
FFQ	21	0	0	0	0	0	0	0	0	0	0	0	37828	0	0	0	0	0	0	0	0	0	0	0	0	0	103910	0	0	0	0	0	0	0	0	0	0	0	5386723	0	0	0	0
FFQ	22	0	0	0	0	0	0	0	0	0	0	0	39002	0	0	0	0	0	0	0	0	0	0	0	0	0	107446	0	0	0	0	0	0	0	0	0	0	0	5382013	0	0	0	0
FFQ	23	0	0	190	0	0	0	0	0	0	0	0	40249	0	0	0	0	0	0	0	0	0	0	0	0	0	110344	0	0	0	0	0	0	0	0	0	0	0	5370227	0	0	0	0
FFQ	24	0	0	5	0	0	0	0	0	0	0	0	41436	0	0	0	0	0	0	0	0	0	0	0	0	0	113052	0	0	0	0	0	0	0	0	0	0	0	5358744	0	0	0	0
FFQ	25	0	0	0	0	0	0	0	0	0	0	0	43075	0	0	0	0	0	0	0	0	0	0	0	0	0	114695	0	0	0	0	0	0	0	0	0	0	0	5345690	0	0	0	0
FFQ	26	0	0	1	0	0	0	0	0	0	0	0	45960	0	0	0	0	0	0	0	0	0	0	0	0	0	116154	0	0	0	0	0	0	0	0	0	0	0	5329371	0	0	0	0
FFQ	27	0	0	0	0	0	0	0	0	0	0	0	45789	0	0	0	0	0	0	0	0	0	0	0	0	0	116453	0	0	0	0	0	0	0	0	0	0	0	5315311	0	0	0	0
FFQ	28	0	0	2	0	0	0	0	0	0	0	0	45693	0	0	0	0	0	0	0	0	0	0	0	0	0	115439	0	0	0	0	0	0	0	0	0	0	0	5300657	0	0	0	0
FFQ	29	0	0	0	0	0	0	0	0	0	0	0	46750	0	0	0	0	0	0	0	0	0	0	0	0	0	116467	0	0	0	0	0	0	0	0	0	0	0	5281358	0	0	0	0
FFQ	30	0	0	1	0	0	0	0	0	0	0	0	47161	0	0	0	0	0	0	0	0	0	0	0	0	0	117674	0	0	0	0	0	0	0	0	0	0	0	5260900	0	0	0	0
FFQ	31	0	0	0	0	0	0	0	0	0	0	0	48792	0	0	0	0	0	0	0	0	0	0	0	0	0	118321	0	0	0	0	0	0	0	0	0	0	0	5236960	0	0	0	0
FFQ	32	0	0	6	0	0	0	0	0	0	0	0	50092	0	0	0	0	0	0	0	0	0	0	0	0	0	120062	0	0	0	0	0	0	0	0	0	0	0	5209436	0	0	0	0
FFQ	33	0	0	0	0	0	0	0	0	0	0	0	48434	0	0	0	0	0	0	0	0	0	0	0	0	0	118815	0	0	0	0	0	0	0	0	0	0	0	5183858	0	0	0	0
FFQ	34	0	0	0	0	0	0	0	0	0	0	0	48610	0	0	0	0	0	0	0	0	0	0	0	0	0	117615	0	0	0	0	0	0	0	0	0	0	0	5152615	0	0	0	0
FFQ	35	0	0	0	0	0	0	0	0	0	0	0	49594	0	0	0	0	0	0	0	0	0	0	0	0	0	119750	0	0	0	0	0	0	0	0	0	0	0	5113811	0	0	0	0
FFQ	36	0	0	92	0	0	0	0	0	0	0	0	49561	0	0	0	0	0	0	0	0	0	0	0	0	0	118432	0	0	0	0	0	0	0	0	0	0	0	5076569	0	0	0	0
FFQ	37	0	0	46	0	0	0	0	0	0	0	0	49611	0	0	0	0	0	0	0	0	0	0	0	0	0	119559	0	0	0	0	0	0	0	0	0	0	0	5033201	0	0	0	0
FFQ	38	0	0	5	0	0	0	0	0	0	0	0	49490	0	0	0	0	0	0	0	0	0	0	0	0	0	118570	0	0	0	0	0	0	0	0	0	0	0	4989108	0	0	0	0
FFQ	39	0	0	202	0	0	0	0	0	0	0	0	50055	0	0	0	0	0	0	0	0	0	0	0	0	0	120347	0	0	0	0	0	0	0	0	0	0	0	4938763	0	0	0	0
FFQ	40	0	0	0	0	0	0	0	0	0	0	0	49855	0	0	0	0	0	0	0	0	0	0	0	0	0	118945	0	0	0	0	0	0	0	0	0	0	0	4889621	0	0	0	0
FFQ	41	0	0	146	0	0	0	0	0	0	0	0	49225	0	0	0	0	0	0	0	0	0	0	0	0	0	117184	0	0	0	0	0	0	0	0	0	0	0	4839209	0	0	0	0
FFQ	42	0	0	0	0	0	0	0	0	0	0	0	49928	0	0	0	0	0	0	0	0	0	0	0	0	0	117039	0	0	0	0	0	0	0	0	0	0	0	4783721	0	0	0	0
FFQ	43	0	0	2	0	0	0	0	0	0	0	0	49888	0	0	0	0	0	0	0	0	0	0	0	0	0	116467	0	0	0	0	0	0	0	0	0	0	0	4726666	0	0	0	0
FFQ	44	0	0	0	0	0	0	0	0	0	0	0	49901	0	0	0	0	0	0	0	0	0	0	0	0	0	116821	0	0	0	0	0	0	0	0	0	0	0	4665649	0	0	0	0
FFQ	45	0	0	0	0	0	0	0	0	0	0	0	50300	0	0	0	0	0	0	0	0	0	0	0	0	0	116037	0	0	0	0	0	0	0	0	0	0	0	4603136	0	0	0	0
FFQ	46	0	0	0	0	0	0	0	0	0	0	0	49581	0	0	0	0	0	0	0	0	0	0	0	0	0	114920	0	0	0	0	0	0	0	0	0	0	0	4539206	0	0	0	0
FFQ	47	0	0	0	0	0	0	0	0	0	0	0	48183	0	0	0	0	0	0	0	0	0	0	0	0	0	112366	0	0	0	0	0	0	0	0	0	0	0	4475798	0	0	0	0
FFQ	48	0	0	0	0	0	0	0	0	0	0	0	48329	0	0	0	0	0	0	0	0	0	0	0	0	0	112218	0	0	0	0	0	0	0	0	0	0	0	4406656	0	0	0	0
FFQ	49	0	0	0	0	0	0	0	0	0	0	0	48210	0	0	0	0	0	0	0	0	0	0	0	0	0	112023	0	0	0	0	0	0	0	0	0	0	0	4335428	0	0	0	0
FFQ	50	0	0	7	0	0	0	0	0	0	0	0	47156	0	0	0	0	0	0	0	0	0	0	0	0	0	109683	0	0	0	0	0	0	0	0	0	0	0	4265928	0	0	0	0
FFQ	51	0	0	0	0	0	0	0	0	0	0	0	47607	0	0	0	0	0	0	0	0	0	0	0	0	0	111378	0	0	0	0	0	0	0	0	0	0	0	4190138	0	0	0	0
FFQ	52	0	0	0	0	0	0	0	0	0	0	0	48303	0	0	0	0	0	0	0	0	0	0	0	0	0	109579	0	0	0	0	0	0	0	0	0	0	0	4115934	0	0	0	0
FFQ	53	0	0	0	0	0	0	0	0	0	0	0	46578	0	0	0	0	0	0	0	0	0	0	0	0	0	107779	0	0	0	0	0	0	0	0	0	0	0	4042342	0	0	0	0
FFQ	54	0	0	0	0	0	0	0	0	0	0	0	46219	0	0	0	0	0	0	0	0	0	0	0	0	0	106577	0	0	0	0	0	0	0	0	0	0	0	3965244	0	0	0	0
FFQ	55	0	0	0	0	0	0	0	0	0	0	0	46654	0	0	0	0	0	0	0	0	0	0	0	0	0	106503	0	0	0	0	0	0	0	0	0	0	0	3883550	0	0	0	0
FFQ	56	0	0	0	0	0	0	0	0	0	0	0	46399	0	0	0	0	0	0	0	0	0	0	0	0	0	104930	0	0	0	0	0	0	0	0	0	0	0	3802373	0	0	0	0
FFQ	57	0	0	0	0	0	0	0	0	0	0	0	46746	0	0	0	0	0	0	0	0	0	0	0	0	0	104615	0	0	0	0	0	0	0	0	0	0	0	3719362	0	0	0	0
FFQ	58	0	0	0	0	0	0	0	0	0	0	0	45190	0	0	0	0	0	0	0	0	0	0	0	0	0	102948	0	0	0	0	0	0	0	0	0	0	0	3638968	0	0	0	0
FFQ	59	0	0	0	0	0	0	0	0	0	0	0	45073	0	0	0	0	0	0	0	0	0	0	0	0	0	100440	0	0	0	0	0	0	0	0	0	0	0	3556996	0	0	0	0
FFQ	60	0	0	0	0	0	0	0	0	0	0	0	43995	0	0	0	0	0	0	0	0	0	0	0	0	0	99724	0	0	0	0	0	0	0	0	0	0	0	3472644	0	0	0	0
FFQ	61	0	0	2	0	0	0	0	0	0	0	0	44161	0	0	0	0	0	0	0	0	0	0	0	0	0	98743	0	0	0	0	0	0	0	0	0	0	0	3386971	0	0	0	0
FFQ	62	0	0	0	0	0	0	0	0	0	0	0	43043	0	0	0	0	0	0	0	0	0	0	0	0	0	96483	0	0	0	0	0	0	0	0	0	0	0	3307857	0	0	0	0
FFQ	63	0	0	0	0	0	0	0	0	0	0	0	42800	0	0	0	0	0	0	0	0	0	0	0	0	0	95347	0	0	0	0	0	0	0	0	0	0	0	3228325	0	0	0	0
FFQ	64	0	0	20	0	0	0	0	0	0	0	0	42859	0	0	0	0	0	0	0	0	0	0	0	0	0	95255	0	0	0	0	0	0	0	0	0	0	0	3146819	0	0	0	0
FFQ	65	0	0	0	0	0	0	0	0	0	0	0	41645	0	0	0	0	0	0	0	0	0	0	0	0	0	93361	0	0	0	0	0	0	0	0	0	0	0	3068287	0	0	0	0
FFQ	66	0	0	0	0	0	0	0	0	0	0	0	40762	0	0	0	0	0	0	0	0	0	0	0	0	0	91659	0	0	0	0	0	0	0	0	0	0	0	2989661	0	0	0	0
FFQ	67	0	0	0	0	0	0	0	0	0	0	0	40524	0	0	0	0	0	0	0	0	0	0	0	0	0	89266	0	0	0	0	0	0	0	0	0	0	0	2911015	0	0	0	0
FFQ	68	0	0	0	0	0	0	0	0	0	0	0	39870	0	0	0	0	0	0	0	0	0	0	0	0	0	87377	0	0	0	0	0	0	0	0	0	0	0	2833152	0	0	0	0
FFQ	69	0	0	0	0	0	0	0	0	0	0	0	38866	0	0	0	0	0	0	0	0	0	0	0	0	0	85605	0	0	0	0	0	0	0	0	0	0	0	2756459	0	0	0	0
FFQ	70	0	0	0	0	0	0	0	0	0	0	0	37159	0	0	0	0	0	0	0	0	0	0	0	0	0	82909	0	0	0	0	0	0	0	0	0	0	0	2681881	0	0	0	0
FFQ	71	0	0	0	0	0	0	0	0	0	0	0	36284	0	0	0	0	0	0	0	0	0	0	0	0	0	81180	0	0	0	0	0	0	0	0	0	0	0	2607799	0	0	0	0
FFQ	72	0	0	0	0	0	0	0	0	0	0	0	35819	0	0	0	0	0	0	0	0	0	0	0	0	0	79094	0	0	0	0	0	0	0	0	0	0	0	2535443	0	0	0	0
FFQ	73	0	0	0	0	0	0	0	0	0	0	0	35600	0	0	0	0	0	0	0	0	0	0	0	0	0	78376	0	0	0	0	0	0	0	0	0	0	0	2462255	0	0	0	0
FFQ	74	0	0	0	0	0	0	0	0	0	0	0	34921	0	0	0	0	0	0	0	0	0	0	0	0	0	77311	0	0	0	0	0	0	0	0	0	0	0	2390719	0	0	0	0
FFQ	75	0	0	0	0	0	0	0	0	0	0	0	34537	0	0	0	0	0	0	0	0	0	0	0	0	0	76302	0	0	0	0	0	0	0	0	0	0	0	2320266	0	0	0	0
FFQ	76	0	0	0	0	0	0	0	0	0	0	0	33152	0	0	0	0	0	0	0	0	0	0	0	0	0	73271	0	0	0	0	0	0	0	0	0	0	0	2253253	0	0	0	0
FFQ	77	0	0	0	0	0	0	0	0	0	0	0	33538	0	0	0	0	0	0	0	0	0	0	0	0	0	73567	0	0	0	0	0	0	0	0	0	0	0	2181921	0	0	0	0
FFQ	78	0	0	0	0	0	0	0	0	0	0	0	33704	0	0	0	0	0	0	0	0	0	0	0	0	0	73294	0	0	0	0	0	0	0	0	0	0	0	2112401	0	0	0	0
FFQ	79	0	0	0	0	0	0	0	0	0	0	0	31127	0	0	0	0	0	0	0	0	0	0	0	0	0	68446	0	0	0	0	0	0	0	0	0	0	0	2049361	0	0	0	0
FFQ	80	0	0	0	0	0	0	0	0	0	0	0	30501	0	0	0	0	0	0	0	0	0	0	0	0	0	65608	0	0	0	0	0	0	0	0	0	0	0	1982305	0	0	0	0
FFQ	81	0	0	0	0	0	0	0	0	0	0	0	29967	0	0	0	0	0	0	0	0	0	0	0	0	0	64684	0	0	0	0	0	0	0	0	0	0	0	1914123	0	0	0	0
FFQ	82	0	0	0	0	0	0	0	0	0	0	0	29162	0	0	0	0	0	0	0	0	0	0	0	0	0	62733	0	0	0	0	0	0	0	0	0	0	0	1848949	0	0	0	0
FFQ	83	0	0	0	0	0	0	0	0	0	0	0	28297	0	0	0	0	0	0	0	0	0	0	0	0	0	59986	0	0	0	0	0	0	0	0	0	0	0	1786857	0	0	0	0
FFQ	84	0	0	0	0	0	0	0	0	0	0	0	26754	0	0	0	0	0	0	0	0	0	0	0	0	0	57452	0	0	0	0	0	0	0	0	0	0	0	1725561	0	0	0	0
FFQ	85	0	0	0	0	0	0	0	0	0	0	0	26556	0	0	0	0	0	0	0	0	0	0	0	0	0	55653	0	0	0	0	0	0	0	0	0	0	0	1663183	0	0	0	0
FFQ	86	0	0	0	0	0	0	0	0	0	0	0	25616	0	0	0	0	0	0	0	0	0	0	0	0	0	54498	0	0	0	0	0	0	0	0	0	0	0	1601671	0	0	0	0
FFQ	87	0	0	0	0	0	0	0	0	0	0	0	25100	0	0	0	0	0	0	0	0	0	0	0	0	0	52905	0	0	0	0	0	0	0	0	0	0	0	1540984	0	0	0	0
FFQ	88	0	0	0	0	0	0	0	0	0	0	0	24214	0	0	0	0	0	0	0	0	0	0	0	0	0	50703	0	0	0	0	0	0	0	0	0	0	0	1481020	0	0	0	0
FFQ	89	0	0	36	0	0	0	0	0	0	0	0	23324	0	0	0	0	0	0	0	0	0	0	0	0	0	48500	0	0	0	0	0	0	0	0	0	0	0	1420320	0	0	0	0
FFQ	90	0	0	0	0	0	0	0	0	0	0	0	22137	0	0	0	0	0	0	0	0	0	0	0	0	0	45329	0	0	0	0	0	0	0	0	0	0	0	1358666	0	0	0	0
FFQ	91	0	0	0	0	0	0	0	0	0	0	0	21279	0	0	0	0	0	0	0	0	0	0	0	0	0	43636	0	0	0	0	0	0	0	0	0	0	0	1296838	0	0	0	0
FFQ	92	0	0	0	0	0	0	0	0	0	0	0	20768	0	0	0	0	0	0	0	0	0	0	0	0	0	42596	0	0	0	0	0	0	0	0	0	0	0	1237453	0	0	0	0
FFQ	93	0	0	0	0	0	0	0	0	0	0	0	20877	0	0	0	0	0	0	0	0	0	0	0	0	0	42644	0	0	0	0	0	0	0	0	0	0	0	1179493	0	0	0	0
FFQ	94	0	0	0	0	0	0	0	0	0	0	0	19923	0	0	0	0	0	0	0	0	0	0	0	0	0	40442	0	0	0	0	0	0	0	0	0	0	0	1127260	0	0	0	0
FFQ	95	0	0	0	0	0	0	0	0	0	0	0	18817	0	0	0	0	0	0	0	0	0	0	0	0	0	37863	0	0	0	0	0	0	0	0	0	0	0	1076606	0	0	0	0
FFQ	96	0	0	0	0	0	0	0	0	0	0	0	18371	0	0	0	0	0	0	0	0	0	0	0	0	0	37070	0	0	0	0	0	0	0	0	0	0	0	1024285	0	0	0	0
FFQ	97	0	0	0	0	0	0	0	0	0	0	0	17832	0	0	0	0	0	0	0	0	0	0	0	0	0	35175	0	0	0	0	0	0	0	0	0	0	0	974084	0	0	0	0
FFQ	98	0	0	0	0	0	0	0	0	0	0	0	16241	0	0	0	0	0	0	0	0	0	0	0	0	0	32922	0	0	0	0	0	0	0	0	0	0	0	926645	0	0	0	0
FFQ	99	0	0	0	0	0	0	0	0	0	0	0	15339	0	0	0	0	0	0	0	0	0	0	0	0	0	30801	0	0	0	0	0	0	0	0	0	0	0	878271	0	0	0	0
FFQ	100	0	0	0	0	0	0	0	0	0	0	0	14511	0	0	0	0	0	0	0	0	0	0	0	0	0	29663	0	0	0	0	0	0	0	0	0	0	0	829073	0	0	0	0
FFQ	101	0	0	0	0	0	0	0	0	0	0	0	14139	0	0	0	0	0	0	0	0	0	0	0	0	0	27865	0	0	0	0	0	0	0	0	0	0	0	781068	0	0	0	0
FFQ	102	0	0	0	0	0	0	0	0	0	0	0	13255	0	0	0	0	0	0	0	0	0	0	0	0	0	25509	0	0	0	0	0	0	0	0	0	0	0	734146	0	0	0	0
FFQ	103	0	0	0	0	0	0	0	0	0	0	0	12381	0	0	0	0	0	0	0	0	0	0	0	0	0	24054	0	0	0	0	0	0	0	0	0	0	0	686178	0	0	0	0
FFQ	104	0	0	0	0	0	0	0	0	0	0	0	11469	0	0	0	0	0	0	0	0	0	0	0	0	0	22353	0	0	0	0	0	0	0	0	0	0	0	639118	0	0	0	0
FFQ	105	0	0	0	0	0	0	0	0	0	0	0	10964	0	0	0	0	0	0	0	0	0	0	0	0	0	21392	0	0	0	0	0	0	0	0	0	0	0	592860	0	0	0	0
FFQ	106	0	0	0	0	0	0	0	0	0	0	0	10190	0	0	0	0	0	0	0	0	0	0	0	0	0	20311	0	0	0	0	0	0	0	0	0	0	0	547649	0	0	0	0
FFQ	107	0	0	0	0	0	0	0	0	0	0	0	9936	0	0	0	0	0	0	0	0	0	0	0	0	0	19214	0	0	0	0	0	0	0	0	0	0	0	503138	0	0	0	0
FFQ	108	0	0	0	0	0	0	0	0	0	0	0	9104	0	0	0	0	0	0	0	0	0	0	0	0	0	17196	0	0	0	0	0	0	0	0	0	0	0	459303	0	0	0	0
FFQ	109	0	0	0	0	0	0	0	0	0	0	0	7977	0	0	0	0	0	0	0	0	0	0	0	0	0	15083	0	0	0	0	0	0	0	0	0	0	0	415778	0	0	0	0
FFQ	110	0	0	0	0	0	0	0	0	0	0	0	7266	0	0	0	0	0	0	0	0	0	0	0	0	0	13824	0	0	0	0	0	0	0	0	0	0	0	370996	0	0	0	0
FFQ	111	0	0	0	0	0	0	0	0	0	0	0	6201	0	0	0	0	0	0	0	0	0	0	0	0	0	12193	0	0	0	0	0	0	0	0	0	0	0	328089	0	0	0	0
FFQ	112	0	0	0	0	0	0	0	0	0	0	0	5417	0	0	0	0	0	0	0	0	0	0	0	0	0	10642	0	0	0	0	0	0	0	0	0	0	0	287093	0	0	0	0
FFQ	113	0	0	0	0	0	0	0	0	0	0	0	4935	0	0	0	0	0	0	0	0	0	0	0	0	0	9348	0	0	0	0	0	0	0	0	0	0	0	247243	0	0	0	0
FFQ	114	0	0	2	0	0	0	0	0	0	0	0	4319	0	0	0	0	0	0	0	0	0	0	0	0	0	8206	0	0	0	0	0	0	0	0	0	0	0	208463	0	0	0	0
FFQ	115	0	0	0	0	0	0	0	0	0	0	0	3407	0	0	0	0	0	0	0	0	0	0	0	0	0	6638	0	0	0	0	0	0	0	0	0	0	0	172002	0	0	0	0
FFQ	116	0	0	0	0	0	0	0	0	0	0	0	2792	0	0	0	0	0	0	0	0	0	0	0	0	0	5227	0	0	0	0	0	0	0	0	0	0	0	136649	0	0	0	0
FFQ	117	0	0	0	0	0	0	0	0	0	0	0	2111	0	0	0	0	0	0	0	0	0	0	0	0	0	4044	0	0	0	0	0	0	0	0	0	0	0	101477	0	0	0	0
FFQ	118	0	0	0	0	0	0	0	0	0	0	0	1479	0	0	0	0	0	0	0	0	0	0	0	0	0	2849	0	0	0	0	0	0	0	0	0	0	0	66992	0	0	0	0
FFQ	119	0	0	0	0	0	0	0	0	0	0	0	644	0	0	0	0	0	0	0	0	0	0	0	0	0	1134	0	0	0	0	0	0	0	0	0	0	0	33260	0	0	0	0
FFQ	120	0	0	0	0	0	0	0	0	0	0	0	0	0	0	0	0	0	0	0	0	0	0	0	0	0	0	0	0	0	0	0	0	0	0	0	0	0	0	0	0	0	0
# Last Fragment Qualitites. Use `grep ^LFQ | cut -f 2-` to extract this part.
# Columns correspond to qualities and rows to cycles. First column is the cycle number.
LFQ	1	0	0	3	0	0	0	0	0	0	0	0	21825	0	0	0	0	0	0	0	0	0	0	0	0	0	71193	0	0	0	0	0	0	0	0	0	0	0	5436971	0	0	0	0
LFQ	2	0	0	0	0	0	0	0	0	0	0	0	22637	0	0	0	0	0	0	0	0	0	0	0	0	0	67786	0	0	0	0	0	0	0	0	0	0	0	5439569	0	0	0	0
LFQ	3	0	0	90	0	0	0	0	0	0	0	0	22737	0	0	0	0	0	0	0	0	0	0	0	0	0	69456	0	0	0	0	0	0	0	0	0	0	0	5437709	0	0	0	0
LFQ	4	0	0	0	0	0	0	0	0	0	0	0	23995	0	0	0	0	0	0	0	0	0	0	0	0	0	74586	0	0	0	0	0	0	0	0	0	0	0	5431411	0	0	0	0
LFQ	5	0	0	43	0	0	0	0	0	0	0	0	26575	0	0	0	0	0	0	0	0	0	0	0	0	0	84097	0	0	0	0	0	0	0	0	0	0	0	5419277	0	0	0	0
LFQ	6	0	0	0	0	0	0	0	0	0	0	0	25034	0	0	0	0	0	0	0	0	0	0	0	0	0	79725	0	0	0	0	0	0	0	0	0	0	0	5425233	0	0	0	0
LFQ	7	0	0	0	0	0	0	0	0	0	0	0	26517	0	0	0	0	0	0	0	0	0	0	0	0	0	81862	0	0	0	0	0	0	0	0	0	0	0	5421613	0	0	0	0
LFQ	8	0	0	0	0	0	0	0	0	0	0	0	25819	0	0	0	0	0	0	0	0	0	0	0	0	0	80981	0	0	0	0	0	0	0	0	0	0	0	5423192	0	0	0	0
LFQ	9	0	0	0	0	0	0	0	0	0	0	0	23202	0	0	0	0	0	0	0	0	0	0	0	0	0	77260	0	0	0	0	0	0	0	0	0	0	0	5429530	0	0	0	0
LFQ	10	0	0	0	0	0	0	0	0	0	0	0	24356	0	0	0	0	0	0	0	0	0	0	0	0	0	82710	0	0	0	0	0	0	0	0	0	0	0	5422926	0	0	0	0
LFQ	11	0	0	86	0	0	0	0	0	0	0	0	24000	0	0	0	0	0	0	0	0	0	0	0	0	0	79028	0	0	0	0	0	0	0	0	0	0	0	5426878	0	0	0	0
LFQ	12	0	0	0	0	0	0	0	0	0	0	0	25085	0	0	0	0	0	0	0	0	0	0	0	0	0	82103	0	0	0	0	0	0	0	0	0	0	0	5422804	0	0	0	0
LFQ	13	0	0	81	0	0	0	0	0	0	0	0	25660	0	0	0	0	0	0	0	0	0	0	0	0	0	81778	0	0	0	0	0	0	0	0	0	0	0	5422473	0	0	0	0
LFQ	14	0	0	0	0	0	0	0	0	0	0	0	25805	0	0	0	0	0	0	0	0	0	0	0	0	0	84472	0	0	0	0	0	0	0	0	0	0	0	5419715	0	0	0	0
LFQ	15	0	0	0	0	0	0	0	0	0	0	0	25022	0	0	0	0	0	0	0	0	0	0	0	0	0	83079	0	0	0	0	0	0	0	0	0	0	0	5421891	0	0	0	0
LFQ	16	0	0	0	0	0	0	0	0	0	0	0	24264	0	0	0	0	0	0	0	0	0	0	0	0	0	82997	0	0	0	0	0	0	0	0	0	0	0	5422731	0	0	0	0
LFQ	17	0	0	0	0	0	0	0	0	0	0	0	24468	0	0	0	0	0	0	0	0	0	0	0	0	0	82748	0	0	0	0	0	0	0	0	0	0	0	5422776	0	0	0	0
LFQ	18	0	0	0	0	0	0	0	0	0	0	0	26250	0	0	0	0	0	0	0	0	0	0	0	0	0	86376	0	0	0	0	0	0	0	0	0	0	0	5417366	0	0	0	0
LFQ	19	0	0	18	0	0	0	0	0	0	0	0	28240	0	0	0	0	0	0	0	0	0	0	0	0	0	89082	0	0	0	0	0	0	0	0	0	0	0	5412652	0	0	0	0
LFQ	20	0	0	0	0	0	0	0	0	0	0	0	27311	0	0	0	0	0	0	0	0	0	0	0	0	0	87102	0	0	0	0	0	0	0	0	0	0	0	5415579	0	0	0	0
LFQ	21	0	0	0	0	0	0	0	0	0	0	0	26301	0	0	0	0	0	0	0	0	0	0	0	0	0	87743	0	0	0	0	0	0	0	0	0	0	0	5415948	0	0	0	0
LFQ	22	0	0	0	0	0	0	0	0	0	0	0	27420	0	0	0	0	0	0	0	0	0	0	0	0	0	90122	0	0	0	0	0	0	0	0	0	0	0	5412450	0	0	0	0
LFQ	23	0	0	0	0	0	0	0	0	0	0	0	28555	0	0	0	0	0	0	0	0	0	0	0	0	0	91943	0	0	0	0	0	0	0	0	0	0	0	5402036	0	0	0	0
LFQ	24	0	0	0	0	0	0	0	0	0	0	0	28192	0	0	0	0	0	0	0	0	0	0	0	0	0	93447	0	0	0	0	0	0	0	0	0	0	0	5393121	0	0	0	0
LFQ	25	0	0	21	0	0	0	0	0	0	0	0	30548	0	0	0	0	0	0	0	0	0	0	0	0	0	96531	0	0	0	0	0	0	0	0	0	0	0	5377883	0	0	0	0
LFQ	26	0	0	0	0	0	0	0	0	0	0	0	30927	0	0	0	0	0	0	0	0	0	0	0	0	0	97548	0	0	0	0	0	0	0	0	0	0	0	5364537	0	0	0	0
LFQ	27	0	0	0	0	0	0	0	0	0	0	0	33751	0	0	0	0	0	0	0	0	0	0	0	0	0	101774	0	0	0	0	0	0	0	0	0	0	0	5343555	0	0	0	0
LFQ	28	0	0	7	0	0	0	0	0	0	0	0	35118	0	0	0	0	0	0	0	0	0	0	0	0	0	104314	0	0	0	0	0	0	0	0	0	0	0	5323895	0	0	0	0
LFQ	29	0	0	0	0	0	0	0	0	0	0	0	31849	0	0	0	0	0	0	0	0	0	0	0	0	0	100678	0	0	0	0	0	0	0	0	0	0	0	5313596	0	0	0	0
LFQ	30	0	0	0	0	0	0	0	0	0	0	0	33013	0	0	0	0	0	0	0	0	0	0	0	0	0	102728	0	0	0	0	0	0	0	0	0	0	0	5291549	0	0	0	0
LFQ	31	0	0	18	0	0	0	0	0	0	0	0	34953	0	0	0	0	0	0	0	0	0	0	0	0	0	105888	0	0	0	0	0	0	0	0	0	0	0	5264771	0	0	0	0
LFQ	32	0	0	0	0	0	0	0	0	0	0	0	36226	0	0	0	0	0	0	0	0	0	0	0	0	0	106404	0	0	0	0	0	0	0	0	0	0	0	5238521	0	0	0	0
LFQ	33	0	0	3	0	0	0	0	0	0	0	0	35339	0	0	0	0	0	0	0	0	0	0	0	0	0	106632	0	0	0	0	0	0	0	0	0	0	0	5210685	0	0	0	0
LFQ	34	0	0	0	0	0	0	0	0	0	0	0	33391	0	0	0	0	0	0	0	0	0	0	0	0	0	104308	0	0	0	0	0	0	0	0	0	0	0	5182707	0	0	0	0
LFQ	35	0	0	0	0	0	0	0	0	0	0	0	34933	0	0	0	0	0	0	0	0	0	0	0	0	0	105238	0	0	0	0	0	0	0	0	0	0	0	5144537	0	0	0	0
LFQ	36	0	0	13	0	0	0	0	0	0	0	0	35536	0	0	0	0	0	0	0	0	0	0	0	0	0	105978	0	0	0	0	0	0	0	0	0	0	0	5104691	0	0	0	0
LFQ	37	0	0	24	0	0	0	0	0	0	0	0	34412	0	0	0	0	0	0	0	0	0	0	0	0	0	105489	0	0	0	0	0	0	0	0	0	0	0	5064061	0	0	0	0
LFQ	38	0	0	0	0	0	0	0	0	0	0	0	34470	0	0	0	0	0	0	0	0	0	0	0	0	0	105259	0	0	0	0	0	0	0	0	0	0	0	5019005	0	0	0	0
LFQ	39	0	0	0	0	0	0	0	0	0	0	0	35157	0	0	0	0	0	0	0	0	0	0	0	0	0	104901	0	0	0	0	0	0	0	0	0	0	0	4970874	0	0	0	0
LFQ	40	0	0	1	0	0	0	0	0	0	0	0	37315	0	0	0	0	0	0	0	0	0	0	0	0	0	107858	0	0	0	0	0	0	0	0	0	0	0	4914809	0	0	0	0
LFQ	41	0	0	0	0	0	0	0	0	0	0	0	36456	0	0	0	0	0	0	0	0	0	0	0	0	0	106560	0	0	0	0	0	0	0	0	0	0	0	4864309	0	0	0	0
LFQ	42	0	0	3	0	0	0	0	0	0	0	0	37083	0	0	0	0	0	0	0	0	0	0	0	0	0	107577	0	0	0	0	0	0	0	0	0	0	0	4807583	0	0	0	0
LFQ	43	0	0	2	0	0	0	0	0	0	0	0	36988	0	0	0	0	0	0	0	0	0	0	0	0	0	106049	0	0	0	0	0	0	0	0	0	0	0	4751546	0	0	0	0
LFQ	44	0	0	15	0	0	0	0	0	0	0	0	34636	0	0	0	0	0	0	0	0	0	0	0	0	0	103660	0	0	0	0	0	0	0	0	0	0	0	4695623	0	0	0	0
LFQ	45	0	0	1	0	0	0	0	0	0	0	0	36265	0	0	0	0	0	0	0	0	0	0	0	0	0	104388	0	0	0	0	0	0	0	0	0	0	0	4630373	0	0	0	0
LFQ	46	0	0	0	0	0	0	0	0	0	0	0	36148	0	0	0	0	0	0	0	0	0	0	0	0	0	104629	0	0	0	0	0	0	0	0	0	0	0	4564482	0	0	0	0
LFQ	47	0	0	51	0	0	0	0	0	0	0	0	36830	0	0	0	0	0	0	0	0	0	0	0	0	0	106160	0	0	0	0	0	0	0	0	0	0	0	4494850	0	0	0	0
LFQ	48	0	0	2	0	0	0	0	0	0	0	0	37102	0	0	0	0	0	0	0	0	0	0	0	0	0	106185	0	0	0	0	0	0	0	0	0	0	0	4425452	0	0	0	0
LFQ	49	0	0	54	0	0	0	0	0	0	0	0	36885	0	0	0	0	0	0	0	0	0	0	0	0	0	104626	0	0	0	0	0	0	0	0	0	0	0	4355634	0	0	0	0
LFQ	50	0	0	236	0	0	0	0	0	0	0	0	36755	0	0	0	0	0	0	0	0	0	0	0	0	0	105761	0	0	0	0	0	0	0	0	0	0	0	4281558	0	0	0	0
LFQ	51	0	0	13	0	0	0	0	0	0	0	0	36186	0	0	0	0	0	0	0	0	0	0	0	0	0	104524	0	0	0	0	0	0	0	0	0	0	0	4209945	0	0	0	0
LFQ	52	0	0	0	0	0	0	0	0	0	0	0	37349	0	0	0	0	0	0	0	0	0	0	0	0	0	104913	0	0	0	0	0	0	0	0	0	0	0	4133091	0	0	0	0
LFQ	53	0	0	0	0	0	0	0	0	0	0	0	39225	0	0	0	0	0	0	0	0	0	0	0	0	0	107497	0	0	0	0	0	0	0	0	0	0	0	4051511	0	0	0	0
LFQ	54	0	0	0	0	0	0	0	0	0	0	0	36365	0	0	0	0	0	0	0	0	0	0	0	0	0	103365	0	0	0	0	0	0	0	0	0	0	0	3979870	0	0	0	0
LFQ	55	0	0	0	0	0	0	0	0	0	0	0	37942	0	0	0	0	0	0	0	0	0	0	0	0	0	103021	0	0	0	0	0	0	0	0	0	0	0	3897315	0	0	0	0
LFQ	56	0	0	0	0	0	0	0	0	0	0	0	37146	0	0	0	0	0	0	0	0	0	0	0	0	0	103605	0	0	0	0	0	0	0	0	0	0	0	3814507	0	0	0	0
LFQ	57	0	0	0	0	0	0	0	0	0	0	0	35176	0	0	0	0	0	0	0	0	0	0	0	0	0	99696	0	0	0	0	0	0	0	0	0	0	0	3737424	0	0	0	0
LFQ	58	0	0	3	0	0	0	0	0	0	0	0	35769	0	0	0	0	0	0	0	0	0	0	0	0	0	98966	0	0	0	0	0	0	0	0	0	0	0	3653933	0	0	0	0
LFQ	59	0	0	0	0	0	0	0	0	0	0	0	33919	0	0	0	0	0	0	0	0	0	0	0	0	0	95268	0	0	0	0	0	0	0	0	0	0	0	3574900	0	0	0	0
LFQ	60	0	0	7	0	0	0	0	0	0	0	0	35033	0	0	0	0	0	0	0	0	0	0	0	0	0	94224	0	0	0	0	0	0	0	0	0	0	0	3488696	0	0	0	0
LFQ	61	0	0	0	0	0	0	0	0	0	0	0	34310	0	0	0	0	0	0	0	0	0	0	0	0	0	92658	0	0	0	0	0	0	0	0	0	0	0	3404503	0	0	0	0
LFQ	62	0	0	0	0	0	0	0	0	0	0	0	35263	0	0	0	0	0	0	0	0	0	0	0	0	0	93991	0	0	0	0	0	0	0	0	0	0	0	3319733	0	0	0	0
LFQ	63	0	0	0	0	0	0	0	0	0	0	0	34720	0	0	0	0	0	0	0	0	0	0	0	0	0	94109	0	0	0	0	0	0	0	0	0	0	0	3239271	0	0	0	0
LFQ	64	0	0	1	0	0	0	0	0	0	0	0	32929	0	0	0	0	0	0	0	0	0	0	0	0	0	90404	0	0	0	0	0	0	0	0	0	0	0	3163254	0	0	0	0
LFQ	65	0	0	3	0	0	0	0	0	0	0	0	34290	0	0	0	0	0	0	0	0	0	0	0	0	0	90595	0	0	0	0	0	0	0	0	0	0	0	3080037	0	0	0	0
LFQ	66	0	0	8	0	0	0	0	0	0	0	0	32711	0	0	0	0	0	0	0	0	0	0	0	0	0	87848	0	0	0	0	0	0	0	0	0	0	0	3003157	0	0	0	0
LFQ	67	0	0	1	0	0	0	0	0	0	0	0	32696	0	0	0	0	0	0	0	0	0	0	0	0	0	86825	0	0	0	0	0	0	0	0	0	0	0	2922940	0	0	0	0
LFQ	68	0	0	0	0	0	0	0	0	0	0	0	29864	0	0	0	0	0	0	0	0	0	0	0	0	0	82411	0	0	0	0	0	0	0	0	0	0	0	2849794	0	0	0	0
LFQ	69	0	0	0	0	0	0	0	0	0	0	0	32544	0	0	0	0	0	0	0	0	0	0	0	0	0	84335	0	0	0	0	0	0	0	0	0	0	0	2765750	0	0	0	0
LFQ	70	0	0	0	0	0	0	0	0	0	0	0	29856	0	0	0	0	0	0	0	0	0	0	0	0	0	80684	0	0	0	0	0	0	0	0	0	0	0	2693072	0	0	0	0
LFQ	71	0	0	0	0	0	0	0	0	0	0	0	29589	0	0	0	0	0	0	0	0	0	0	0	0	0	78168	0	0	0	0	0	0	0	0	0	0	0	2619175	0	0	0	0
LFQ	72	0	0	0	0	0	0	0	0	0	0	0	28745	0	0	0	0	0	0	0	0	0	0	0	0	0	76278	0	0	0	0	0	0	0	0	0	0	0	2546996	0	0	0	0
LFQ	73	0	0	151	0	0	0	0	0	0	0	0	28067	0	0	0	0	0	0	0	0	0	0	0	0	0	75349	0	0	0	0	0	0	0	0	0	0	0	2474334	0	0	0	0
LFQ	74	0	0	0	0	0	0	0	0	0	0	0	29820	0	0	0	0	0	0	0	0	0	0	0	0	0	76788	0	0	0	0	0	0	0	0	0	0	0	2398041	0	0	0	0
LFQ	75	0	0	0	0	0	0	0	0	0	0	0	28969	0	0	0	0	0	0	0	0	0	0	0	0	0	74525	0	0	0	0	0	0	0	0	0	0	0	2329301	0	0	0	0
LFQ	76	0	0	0	0	0	0	0	0	0	0	0	27450	0	0	0	0	0	0	0	0	0	0	0	0	0	69811	0	0	0	0	0	0	0	0	0	0	0	2264095	0	0	0	0
LFQ	77	0	0	0	0	0	0	0	0	0	0	0	27107	0	0	0	0	0	0	0	0	0	0	0	0	0	70429	0	0	0	0	0	0	0	0	0	0	0	2193128	0	0	0	0
LFQ	78	0	0	1	0	0	0	0	0	0	0	0	28612	0	0	0	0	0	0	0	0	0	0	0	0	0	72828	0	0	0	0	0	0	0	0	0	0	0	2119537	0	0	0	0
LFQ	79	0	0	268	0	0	0	0	0	0	0	0	28264	0	0	0	0	0	0	0	0	0	0	0	0	0	71731	0	0	0	0	0	0	0	0	0	0	0	2050177	0	0	0	0
LFQ	80	0	0	0	0	0	0	0	0	0	0	0	26024	0	0	0	0	0	0	0	0	0	0	0	0	0	65912	0	0	0	0	0	0	0	0	0	0	0	1987913	0	0	0	0
LFQ	81	0	0	1	0	0	0	0	0	0	0	0	26678	0	0	0	0	0	0	0	0	0	0	0	0	0	66934	0	0	0	0	0	0	0	0	0	0	0	1916572	0	0	0	0
LFQ	82	0	0	4	0	0	0	0	0	0	0	0	26261	0	0	0	0	0	0	0	0	0	0	0	0	0	64868	0	0	0	0	0	0	0	0	0	0	0	1851090	0	0	0	0
LFQ	83	0	0	2	0	0	0	0	0	0	0	0	23080	0	0	0	0	0	0	0	0	0	0	0	0	0	59313	0	0	0	0	0	0	0	0	0	0	0	1794091	0	0	0	0
LFQ	84	0	0	53	0	0	0	0	0	0	0	0	24290	0	0	0	0	0	0	0	0	0	0	0	0	0	59816	0	0	0	0	0	0	0	0	0	0	0	1726929	0	0	0	0
LFQ	85	0	0	6	0	0	0	0	0	0	0	0	25194	0	0	0	0	0	0	0	0	0	0	0	0	0	60487	0	0	0	0	0	0	0	0	0	0	0	1661002	0	0	0	0
LFQ	86	0	0	1	0	0	0	0	0	0	0	0	24669	0	0	0	0	0	0	0	0	0	0	0	0	0	58903	0	0	0	0	0	0	0	0	0	0	0	1599460	0	0	0	0
LFQ	87	0	0	1	0	0	0	0	0	0	0	0	23163	0	0	0	0	0	0	0	0	0	0	0	0	0	56795	0	0	0	0	0	0	0	0	0	0	0	1540225	0	0	0	0
LFQ	88	0	0	0	0	0	0	0	0	0	0	0	21571	0	0	0	0	0	0	0	0	0	0	0	0	0	53797	0	0	0	0	0	0	0	0	0	0	0	1481723	0	0	0	0
LFQ	89	0	0	2	0	0	0	0	0	0	0	0	20918	0	0	0	0	0	0	0	0	0	0	0	0	0	51533	0	0	0	0	0	0	0	0	0	0	0	1420881	0	0	0	0
LFQ	90	0	0	0	0	0	0	0	0	0	0	0	20277	0	0	0	0	0	0	0	0	0	0	0	0	0	50093	0	0	0	0	0	0	0	0	0	0	0	1356842	0	0	0	0
LFQ	91	0	0	0	0	0	0	0	0	0	0	0	21182	0	0	0	0	0	0	0	0	0	0	0	0	0	49963	0	0	0	0	0	0	0	0	0	0	0	1291618	0	0	0	0
LFQ	92	0	0	1	0	0	0	0	0	0	0	0	20880	0	0	0	0	0	0	0	0	0	0	0	0	0	49785	0	0	0	0	0	0	0	0	0	0	0	1231107	0	0	0	0
LFQ	93	0	0	0	0	0	0	0	0	0	0	0	21105	0	0	0	0	0	0	0	0	0	0	0	0	0	48771	0	0	0	0	0	0	0	0	0	0	0	1173957	0	0	0	0
LFQ	94	0	0	0	0	0	0	0	0	0	0	0	19822	0	0	0	0	0	0	0	0	0	0	0	0	0	46443	0	0	0	0	0	0	0	0	0	0	0	1122081	0	0	0	0
LFQ	95	0	0	0	0	0	0	0	0	0	0	0	17740	0	0	0	0	0	0	0	0	0	0	0	0	0	42272	0	0	0	0	0	0	0	0	0	0	0	1073956	0	0	0	0
LFQ	96	0	0	1	0	0	0	0	0	0	0	0	16915	0	0	0	0	0	0	0	0	0	0	0	0	0	39971	0	0	0	0	0	0	0	0	0	0	0	1023426	0	0	0	0
LFQ	97	0	0	0	0	0	0	0	0	0	0	0	16573	0	0	0	0	0	0	0	0	0	0	0	0	0	38454	0	0	0	0	0	0	0	0	0	0	0	972571	0	0	0	0
LFQ	98	0	0	0	0	0	0	0	0	0	0	0	15641	0	0	0	0	0	0	0	0	0	0	0	0	0	36614	0	0	0	0	0	0	0	0	0	0	0	923982	0	0	0	0
LFQ	99	0	0	23	0	0	0	0	0	0	0	0	15844	0	0	0	0	0	0	0	0	0	0	0	0	0	35935	0	0	0	0	0	0	0	0	0	0	0	872984	0	0	0	0
LFQ	100	0	0	0	0	0	0	0	0	0	0	0	14640	0	0	0	0	0	0	0	0	0	0	0	0	0	33883	0	0	0	0	0	0	0	0	0	0	0	825055	0	0	0	0
LFQ	101	0	0	16	0	0	0	0	0	0	0	0	13434	0	0	0	0	0	0	0	0	0	0	0	0	0	31552	0	0	0	0	0	0	0	0	0	0	0	778337	0	0	0	0
LFQ	102	0	0	0	0	0	0	0	0	0	0	0	13334	0	0	0	0	0	0	0	0	0	0	0	0	0	30899	0	0	0	0	0	0	0	0	0	0	0	728890	0	0	0	0
LFQ	103	0	0	5	0	0	0	0	0	0	0	0	13947	0	0	0	0	0	0	0	0	0	0	0	0	0	31277	0	0	0	0	0	0	0	0	0	0	0	677578	0	0	0	0
LFQ	104	0	0	0	0	0	0	0	0	0	0	0	12517	0	0	0	0	0	0	0	0	0	0	0	0	0	28317	0	0	0	0	0	0	0	0	0	0	0	632289	0	0	0	0
LFQ	105	0	0	0	0	0	0	0	0	0	0	0	11440	0	0	0	0	0	0	0	0	0	0	0	0	0	25538	0	0	0	0	0	0	0	0	0	0	0	588369	0	0	0	0
LFQ	106	0	0	1	0	0	0	0	0	0	0	0	10792	0	0	0	0	0	0	0	0	0	0	0	0	0	23870	0	0	0	0	0	0	0	0	0	0	0	543590	0	0	0	0
LFQ	107	0	0	0	0	0	0	0	0	0	0	0	9871	0	0	0	0	0	0	0	0	0	0	0	0	0	22131	0	0	0	0	0	0	0	0	0	0	0	500335	0	0	0	0
LFQ	108	0	0	0	0	0	0	0	0	0	0	0	8587	0	0	0	0	0	0	0	0	0	0	0	0	0	19538	0	0	0	0	0	0	0	0	0	0	0	457580	0	0	0	0
LFQ	109	0	0	0	0	0	0	0	0	0	0	0	7731	0	0	0	0	0	0	0	0	0	0	0	0	0	17430	0	0	0	0	0	0	0	0	0	0	0	413753	0	0	0	0
LFQ	110	0	0	0	0	0	0	0	0	0	0	0	7024	0	0	0	0	0	0	0	0	0	0	0	0	0	15959	0	0	0	0	0	0	0	0	0	0	0	369221	0	0	0	0
LFQ	111	0	0	0	0	0	0	0	0	0	0	0	6500	0	0	0	0	0	0	0	0	0	0	0	0	0	13887	0	0	0	0	0	0	0	0	0	0	0	326225	0	0	0	0
LFQ	112	0	0	0	0	0	0	0	0	0	0	0	5547	0	0	0	0	0	0	0	0	0	0	0	0	0	12223	0	0	0	0	0	0	0	0	0	0	0	285501	0	0	0	0
LFQ	113	0	0	0	0	0	0	0	0	0	0	0	5292	0	0	0	0	0	0	0	0	0	0	0	0	0	11283	0	0	0	0	0	0	0	0	0	0	0	245035	0	0	0	0
LFQ	114	0	0	0	0	0	0	0	0	0	0	0	4409	0	0	0	0	0	0	0	0	0	0	0	0	0	9675	0	0	0	0	0	0	0	0	0	0	0	206973	0	0	0	0
LFQ	115	0	0	0	0	0	0	0	0	0	0	0	3487	0	0	0	0	0	0	0	0	0	0	0	0	0	7659	0	0	0	0	0	0	0	0	0	0	0	170947	0	0	0	0
LFQ	116	0	0	0	0	0	0	0	0	0	0	0	2944	0	0	0	0	0	0	0	0	0	0	0	0	0	6174	0	0	0	0	0	0	0	0	0	0	0	135584	0	0	0	0
LFQ	117	0	0	0	0	0	0	0	0	0	0	0	2111	0	0	0	0	0	0	0	0	0	0	0	0	0	4659	0	0	0	0	0	0	0	0	0	0	0	100880	0	0	0	0
LFQ	118	0	0	0	0	0	0	0	0	0	0	0	1317	0	0	0	0	0	0	0	0	0	0	0	0	0	2928	0	0	0	0	0	0	0	0	0	0	0	67093	0	0	0	0
LFQ	119	0	0	0	0	0	0	0	0	0	0	0	592	0	0	0	0	0	0	0	0	0	0	0	0	0	1343	0	0	0	0	0	0	0	0	0	0	0	33116	0	0	0	0
LFQ	120	0	0	0	0	0	0	0	0	0	0	0	0	0	0	0	0	0	0	0	0	0	0	0	0	0	0	0	0	0	0	0	0	0	0	0	0	0	0	0	0	0	0
# GC Content of first fragments. Use `grep ^GCF | cut -f 2-` to extract this part.
GCF	0.50	35
GCF	1.26	42
GCF	1.76	61
GCF	2.26	95
GCF	2.76	126
GCF	3.27	163
GCF	3.77	217
GCF	4.27	262
GCF	4.77	306
GCF	5.28	373
GCF	5.78	453
GCF	6.28	573
GCF	6.78	702
GCF	7.29	803
GCF	7.79	947
GCF	8.29	1055
GCF	8.79	1259
GCF	9.30	1564
GCF	9.80	1904
GCF	10.30	2244
GCF	10.80	2579
GCF	11.31	3281
GCF	11.81	4003
GCF	12.31	4893
GCF	12.81	5718
GCF	13.32	6755
GCF	13.82	8056
GCF	14.32	9326
GCF	14.82	11128
GCF	15.33	13366
GCF	15.83	15677
GCF	16.33	18172
GCF	16.83	21985
GCF	17.34	25629
GCF	17.84	29724
GCF	18.34	34500
GCF	18.84	40141
GCF	19.35	46571
GCF	19.85	54130
GCF	20.35	60476
GCF	20.85	68179
GCF	21.36	76762
GCF	21.86	86179
GCF	22.36	96341
GCF	22.86	107760
GCF	23.37	118269
GCF	23.87	129739
GCF	24.37	142557
GCF	24.87	156542
GCF	25.38	166484
GCF	25.88	179746
GCF	26.38	191882
GCF	26.88	206367
GCF	27.39	218944
GCF	27.89	231489
GCF	28.39	244472
GCF	28.89	253990
GCF	29.40	266331
GCF	29.90	276521
GCF	30.40	286331
GCF	30.90	294602
GCF	31.41	302683
GCF	31.91	310879
GCF	32.41	317860
GCF	32.91	322594
GCF	33.42	328203
GCF	33.92	331332
GCF	34.42	333909
GCF	34.92	336193
GCF	35.43	337326
GCF	35.93	337525
GCF	36.43	336960
GCF	36.93	334918
GCF	37.44	332303
GCF	37.94	329328
GCF	38.44	326546
GCF	38.94	321841
GCF	39.45	315466
GCF	39.95	309331
GCF	40.45	302756
GCF	40.95	295736
GCF	41.46	288377
GCF	41.96	282392
GCF	42.46	274507
GCF	42.96	267074
GCF	43.47	259488
GCF	43.97	250771
GCF	44.47	243338
GCF	44.97	235882
GCF	45.48	227030
GCF	45.98	219045
GCF	46.48	211361
GCF	46.98	203859
GCF	47.49	196483
GCF	47.99	189183
GCF	48.49	181961
GCF	48.99	174542
GCF	49.50	170952
GCF	50.00	159005
GCF	50.50	155666
GCF	51.01	149143
GCF	51.51	142673
GCF	52.01	136390
GCF	52.51	130858
GCF	53.02	125625
GCF	53.52	120594
GCF	54.02	115827
GCF	54.52	110733
GCF	55.03	106201
GCF	55.53	101905
GCF	56.03	97100
GCF	56.53	92300
GCF	57.04	87768
GCF	57.54	82751
GCF	58.04	77976
GCF	58.54	72635
GCF	59.05	67423
GCF	59.55	62546
GCF	60.05	57802
GCF	60.55	53057
GCF	61.06	48908
GCF	61.56	44835
GCF	62.06	41250
GCF	62.56	37569
GCF	63.07	34424
GCF	63.57	31366
GCF	64.07	28388
GCF	64.57	26009
GCF	65.08	23605
GCF	65.58	21453
GCF	66.08	19559
GCF	66.58	17274
GCF	67.09	16235
GCF	67.59	14615
GCF	68.09	13094
GCF	68.59	11764
GCF	69.10	10754
GCF	69.60	9732
GCF	70.10	8975
GCF	70.60	8076
GCF	71.11	7354
GCF	71.61	6773
GCF	72.11	6210
GCF	72.61	5566
GCF	73.12	4977
GCF	73.62	4511
GCF	74.12	4081
GCF	74.62	3807
GCF	75.13	3448
GCF	75.63	3061
GCF	76.13	2807
GCF	76.63	2683
GCF	77.14	2477
GCF	77.64	2239
GCF	78.14	2001
GCF	78.64	1826
GCF	79.15	1675
GCF	79.65	1575
GCF	80.15	1392
GCF	80.65	1265
GCF	81.16	1177
GCF	81.66	1070
GCF	82.16	963
GCF	82.66	850
GCF	83.17	718
GCF	83.67	642
GCF	84.17	552
GCF	84.67	521
GCF	85.18	455
GCF	85.68	404
GCF	86.18	343
GCF	86.68	291
GCF	87.19	267
GCF	87.69	233
GCF	88.19	200
GCF	88.69	172
GCF	89.20	136
GCF	89.70	102
GCF	90.20	99
GCF	90.70	91
GCF	91.21	72
GCF	91.71	67
GCF	92.21	51
GCF	92.71	40
GCF	93.22	36
GCF	93.72	30
GCF	94.22	29
GCF	94.72	21
GCF	95.23	15
GCF	95.73	13
GCF	96.23	9
GCF	96.73	6
GCF	97.24	5
GCF	98.24	3
GCF	99.50	2
# GC Content of last fragments. Use `grep ^GCL | cut -f 2-` to extract this part.
GCL	0.25	40
GCL	0.75	39
GCL	1.26	46
GCL	1.76	64
GCL	2.26	99
GCL	2.76	132
GCL	3.27	171
GCL	3.77	225
GCL	4.27	271
GCL	4.77	319
GCL	5.28	385
GCL	5.78	462
GCL	6.28	585
GCL	6.78	722
GCL	7.29	831
GCL	7.79	974
GCL	8.29	1082
GCL	8.79	1289
GCL	9.30	1585
GCL	9.80	1923
GCL	10.30	2263
GCL	10.80	2596
GCL	11.31	3315
GCL	11.81	4030
GCL	12.31	4936
GCL	12.81	5752
GCL	13.32	6795
GCL	13.82	8121
GCL	14.32	9364
GCL	14.82	11159
GCL	15.33	13351
GCL	15.83	15587
GCL	16.33	18099
GCL	16.83	21938
GCL	17.34	25549
GCL	17.84	29675
GCL	18.34	34514
GCL	18.84	40139
GCL	19.35	46543
GCL	19.85	54022
GCL	20.35	60286
GCL	20.85	67889
GCL	21.36	76550
GCL	21.86	85939
GCL	22.36	96106
GCL	22.86	107527
GCL	23.37	118165
GCL	23.87	129603
GCL	24.37	142235
GCL	24.87	156375
GCL	25.38	166294
GCL	25.88	179419
GCL	26.38	191522
GCL	26.88	206109
GCL	27.39	218691
GCL	27.89	231470
GCL	28.39	244575
GCL	28.89	253996
GCL	29.40	266348
GCL	29.90	276486
GCL	30.40	286562
GCL	30.90	294769
GCL	31.41	302722
GCL	31.91	310806
GCL	32.41	317813
GCL	32.91	322660
GCL	33.42	328237
GCL	33.92	331512
GCL	34.42	333985
GCL	34.92	336191
GCL	35.43	337457
GCL	35.93	337763
GCL	36.43	337344
GCL	36.93	335257
GCL	37.44	332881
GCL	37.94	329726
GCL	38.44	326772
GCL	38.94	321925
GCL	39.45	315742
GCL	39.95	309806
GCL	40.45	303374
GCL	40.95	295903
GCL	41.46	288521
GCL	41.96	282732
GCL	42.46	274596
GCL	42.96	267206
GCL	43.47	259735
GCL	43.97	251001
GCL	44.47	243521
GCL	44.97	235903
GCL	45.48	227179
GCL	45.98	219151
GCL	46.48	211419
GCL	46.98	204069
GCL	47.49	196649
GCL	47.99	189169
GCL	48.49	181872
GCL	48.99	174624
GCL	49.50	171146
GCL	50.00	159190
GCL	50.50	155851
GCL	51.01	149269
GCL	51.51	142690
GCL	52.01	136298
GCL	52.51	130961
GCL	53.02	125735
GCL	53.52	120614
GCL	54.02	115857
GCL	54.52	110783
GCL	55.03	106225
GCL	55.53	101877
GCL	56.03	96946
GCL	56.53	92202
GCL	57.04	87690
GCL	57.54	82772
GCL	58.04	78014
GCL	58.54	72589
GCL	59.05	67413
GCL	59.55	62525
GCL	60.05	57790
GCL	60.55	53105
GCL	61.06	48898
GCL	61.56	44810
GCL	62.06	41169
GCL	62.56	37420
GCL	63.07	34351
GCL	63.57	31348
GCL	64.07	28393
GCL	64.57	26001
GCL	65.08	23552
GCL	65.58	21342
GCL	66.08	19475
GCL	66.58	17251
GCL	67.09	16200
GCL	67.59	14601
GCL	68.09	13081
GCL	68.59	11767
GCL	69.10	10755
GCL	69.60	9745
GCL	70.10	8948
GCL	70.60	8074
GCL	71.11	7384
GCL	71.61	6773
GCL	72.11	6196
GCL	72.61	5564
GCL	73.12	4948
GCL	73.62	4525
GCL	74.12	4063
GCL	74.62	3766
GCL	75.13	3406
GCL	75.63	3044
GCL	76.13	2814
GCL	76.63	2697
GCL	77.14	2478
GCL	77.64	2214
GCL	78.14	1993
GCL	78.64	1808
GCL	79.15	1645
GCL	79.65	1529
GCL	80.15	1361
GCL	80.65	1258
GCL	81.16	1179
GCL	81.66	1080
GCL	82.16	967
GCL	82.66	848
GCL	83.17	722
GCL	83.67	655
GCL	84.17	565
GCL	84.67	507
GCL	85.18	433
GCL	85.68	381
GCL	86.18	333
GCL	86.68	294
GCL	87.19	266
GCL	87.69	221
GCL	88.19	185
GCL	88.69	163
GCL	89.20	135
GCL	89.70	105
GCL	90.20	96
GCL	90.70	90
GCL	91.21	70
GCL	91.71	60
GCL	92.21	52
GCL	92.71	41
GCL	93.22	35
GCL	93.72	31
GCL	94.22	30
GCL	94.72	21
GCL	95.23	18
GCL	95.73	16
GCL	96.23	10
GCL	96.73	6
GCL	97.24	3
GCL	98.74	2
# ACGT content per cycle. Use `grep ^GCC | cut -f 2-` to extract this part. The columns are: cycle, and A,C,G,T counts [%]
GCC	1	39.03	10.94	10.94	39.08
GCC	2	22.79	27.28	27.09	22.84
GCC	3	28.73	21.34	21.17	28.76
GCC	4	28.41	21.65	21.51	28.43
GCC	5	30.53	19.53	19.37	30.56
GCC	6	31.05	19.01	18.89	31.06
GCC	7	31.11	18.95	18.79	31.15
GCC	8	31.69	18.36	18.24	31.70
GCC	9	31.48	18.58	18.46	31.48
GCC	10	30.98	19.06	18.94	31.02
GCC	11	31.06	19.01	18.86	31.07
GCC	12	30.94	19.12	18.95	30.99
GCC	13	31.06	19.01	18.86	31.08
GCC	14	30.77	19.28	19.16	30.78
GCC	15	30.77	19.30	19.18	30.76
GCC	16	30.55	19.51	19.38	30.57
GCC	17	30.42	19.63	19.53	30.42
GCC	18	30.33	19.73	19.57	30.37
GCC	19	30.37	19.69	19.55	30.39
GCC	20	30.44	19.61	19.48	30.46
GCC	21	30.65	19.41	19.25	30.69
GCC	22	30.82	19.23	19.13	30.82
GCC	23	30.73	19.30	19.19	30.78
GCC	24	30.78	19.26	19.16	30.80
GCC	25	30.81	19.26	19.12	30.81
GCC	26	30.72	19.34	19.21	30.74
GCC	27	30.83	19.21	19.08	30.87
GCC	28	30.69	19.35	19.23	30.72
GCC	29	30.71	19.33	19.20	30.75
GCC	30	30.78	19.30	19.15	30.78
GCC	31	30.82	19.23	19.09	30.86
GCC	32	30.80	19.25	19.12	30.84
GCC	33	30.82	19.24	19.10	30.84
GCC	34	30.84	19.21	19.08	30.87
GCC	35	30.73	19.31	19.18	30.78
GCC	36	30.72	19.34	19.20	30.74
GCC	37	30.63	19.39	19.26	30.72
GCC	38	30.59	19.44	19.29	30.67
GCC	39	30.66	19.38	19.24	30.71
GCC	40	30.69	19.34	19.24	30.73
GCC	41	30.62	19.44	19.31	30.63
GCC	42	30.75	19.28	19.14	30.83
GCC	43	30.75	19.29	19.19	30.77
GCC	44	30.70	19.34	19.22	30.74
GCC	45	30.81	19.25	19.11	30.84
GCC	46	30.66	19.41	19.24	30.69
GCC	47	30.57	19.45	19.33	30.65
GCC	48	30.59	19.47	19.34	30.60
GCC	49	30.47	19.58	19.45	30.50
GCC	50	30.55	19.49	19.43	30.53
GCC	51	30.51	19.54	19.46	30.49
GCC	52	30.52	19.52	19.41	30.54
GCC	53	30.55	19.51	19.41	30.53
GCC	54	30.52	19.51	19.41	30.56
GCC	55	30.54	19.49	19.37	30.60
GCC	56	30.48	19.56	19.41	30.55
GCC	57	30.52	19.56	19.42	30.51
GCC	58	30.47	19.58	19.43	30.52
GCC	59	30.42	19.65	19.52	30.41
GCC	60	30.36	19.73	19.58	30.32
GCC	61	30.35	19.70	19.53	30.41
GCC	62	30.35	19.70	19.57	30.39
GCC	63	30.37	19.65	19.55	30.43
GCC	64	30.43	19.65	19.48	30.45
GCC	65	30.41	19.62	19.50	30.47
GCC	66	30.43	19.59	19.46	30.51
GCC	67	30.36	19.68	19.59	30.37
GCC	68	30.32	19.69	19.62	30.37
GCC	69	30.28	19.74	19.64	30.35
GCC	70	30.24	19.79	19.66	30.31
GCC	71	30.21	19.82	19.69	30.28
GCC	72	30.34	19.69	19.58	30.38
GCC	73	30.39	19.68	19.53	30.40
GCC	74	30.36	19.67	19.57	30.40
GCC	75	30.38	19.70	19.60	30.32
GCC	76	30.27	19.78	19.66	30.29
GCC	77	30.30	19.76	19.65	30.29
GCC	78	30.33	19.74	19.60	30.33
GCC	79	30.30	19.80	19.65	30.25
GCC	80	30.17	19.89	19.77	30.18
GCC	81	30.14	19.89	19.78	30.19
GCC	82	30.21	19.88	19.72	30.19
GCC	83	30.26	19.82	19.67	30.25
GCC	84	30.24	19.79	19.67	30.30
GCC	85	30.23	19.81	19.67	30.29
GCC	86	30.30	19.75	19.65	30.31
GCC	87	30.31	19.73	19.60	30.35
GCC	88	30.22	19.80	19.70	30.28
GCC	89	30.17	19.91	19.73	30.20
GCC	90	30.15	19.97	19.77	30.11
GCC	91	30.09	19.94	19.81	30.15
GCC	92	30.22	19.85	19.79	30.15
GCC	93	30.16	19.90	19.80	30.14
GCC	94	30.18	19.81	19.74	30.27
GCC	95	30.22	19.81	19.65	30.32
GCC	96	30.25	19.76	19.69	30.30
GCC	97	30.23	19.81	19.73	30.22
GCC	98	30.20	19.86	19.71	30.23
GCC	99	30.21	19.80	19.69	30.30
GCC	100	30.15	19.90	19.83	30.12
GCC	101	30.16	19.93	19.81	30.10
GCC	102	30.24	19.80	19.79	30.16
GCC	103	30.27	19.76	19.74	30.24
GCC	104	30.29	19.73	19.69	30.30
GCC	105	30.31	19.75	19.56	30.38
GCC	106	30.32	19.79	19.51	30.39
GCC	107	30.41	19.69	19.57	30.33
GCC	108	30.20	19.82	19.72	30.26
GCC	109	30.11	19.96	19.79	30.13
GCC	110	30.07	20.01	19.82	30.10
GCC	111	29.94	20.06	19.87	30.12
GCC	112	30.02	19.99	20.01	29.98
GCC	113	29.88	20.25	19.98	29.90
GCC	114	29.94	20.19	19.97	29.90
GCC	115	29.85	20.07	20.10	29.98
GCC	116	29.74	20.16	20.32	29.77
GCC	117	30.17	19.97	19.91	29.95
GCC	118	30.56	19.46	19.57	30.40
GCC	119	35.56	14.70	14.53	35.20
# Insert sizes. Use `grep ^IS | cut -f 2-` to extract this part. The columns are: pairs total, inward oriented pairs, outward oriented pairs, other pairs
IS	0	0	0	0	0
IS	1	0	0	0	0
IS	2	0	0	0	0
IS	3	0	0	0	0
IS	4	0	0	0	0
IS	5	0	0	0	0
IS	6	0	0	0	0
IS	7	0	0	0	0
IS	8	0	0	0	0
IS	9	0	0	0	0
IS	10	0	0	0	0
IS	11	0	0	0	0
IS	12	0	0	0	0
IS	13	0	0	0	0
IS	14	0	0	0	0
IS	15	0	0	0	0
IS	16	0	0	0	0
IS	17	0	0	0	0
IS	18	0	0	0	0
IS	19	0	0	0	0
IS	20	0	0	0	0
IS	21	0	0	0	0
IS	22	0	0	0	0
IS	23	0	0	0	0
IS	24	3	3	0	0
IS	25	7	7	0	0
IS	26	9	9	0	0
IS	27	15	15	0	0
IS	28	22	22	0	0
IS	29	20	20	0	0
IS	30	25	25	0	0
IS	31	32	32	0	0
IS	32	42	42	0	0
IS	33	38	38	0	0
IS	34	37	37	0	0
IS	35	42	42	0	0
IS	36	59	59	0	0
IS	37	46	46	0	0
IS	38	46	46	0	0
IS	39	48	48	0	0
IS	40	66	66	0	0
IS	41	67	67	0	0
IS	42	69	69	0	0
IS	43	85	85	0	0
IS	44	76	76	0	0
IS	45	96	96	0	0
IS	46	105	105	0	0
IS	47	106	106	0	0
IS	48	98	98	0	0
IS	49	99	99	0	0
IS	50	93	93	0	0
IS	51	114	114	0	0
IS	52	116	116	0	0
IS	53	138	138	0	0
IS	54	110	110	0	0
IS	55	141	141	0	0
IS	56	143	143	0	0
IS	57	131	131	0	0
IS	58	151	151	0	0
IS	59	139	139	0	0
IS	60	178	178	0	0
IS	61	175	175	0	0
IS	62	183	183	0	0
IS	63	190	190	0	0
IS	64	184	184	0	0
IS	65	153	153	0	0
IS	66	181	181	0	0
IS	67	192	192	0	0
IS	68	164	164	0	0
IS	69	183	183	0	0
IS	70	174	174	0	0
IS	71	160	160	0	0
IS	72	172	172	0	0
IS	73	163	163	0	0
IS	74	165	165	0	0
IS	75	174	174	0	0
IS	76	185	185	0	0
IS	77	185	185	0	0
IS	78	201	201	0	0
IS	79	234	234	0	0
IS	80	227	227	0	0
IS	81	224	224	0	0
IS	82	245	245	0	0
IS	83	243	243	0	0
IS	84	263	263	0	0
IS	85	249	249	0	0
IS	86	251	251	0	0
IS	87	267	267	0	0
IS	88	226	226	0	0
IS	89	270	270	0	0
IS	90	272	272	0	0
IS	91	261	261	0	0
IS	92	252	252	0	0
IS	93	240	240	0	0
IS	94	257	257	0	0
IS	95	261	261	0	0
IS	96	231	231	0	0
IS	97	249	249	0	0
IS	98	255	255	0	0
IS	99	258	258	0	0
IS	100	271	271	0	0
IS	101	259	259	0	0
IS	102	248	248	0	0
IS	103	242	242	0	0
IS	104	212	212	0	0
IS	105	226	226	0	0
IS	106	247	247	0	0
IS	107	250	250	0	0
IS	108	260	260	0	0
IS	109	263	263	0	0
IS	110	254	254	0	0
IS	111	236	236	0	0
IS	112	248	248	0	0
IS	113	209	209	0	0
IS	114	207	207	0	0
IS	115	253	253	0	0
IS	116	227	227	0	0
IS	117	194	194	0	0
IS	118	221	221	0	0
IS	119	206	206	0	0
IS	120	42	42	0	0
IS	121	27	27	0	0
IS	122	28	28	0	0
IS	123	24	24	0	0
IS	124	19	19	0	0
IS	125	18	18	0	0
IS	126	15	15	0	0
IS	127	16	16	0	0
IS	128	26	26	0	0
IS	129	37	37	0	0
IS	130	21	21	0	0
IS	131	33	33	0	0
IS	132	23	23	0	0
IS	133	28	28	0	0
IS	134	23	23	0	0
IS	135	33	33	0	0
IS	136	29	29	0	0
IS	137	28	28	0	0
IS	138	29	29	0	0
IS	139	32	32	0	0
IS	140	28	28	0	0
IS	141	30	30	0	0
IS	142	34	34	0	0
IS	143	27	27	0	0
IS	144	37	37	0	0
IS	145	55	55	0	0
IS	146	76	76	0	0
IS	147	112	112	0	0
IS	148	162	162	0	0
IS	149	325	325	0	0
IS	150	348	348	0	0
IS	151	33	33	0	0
IS	152	24	24	0	0
IS	153	23	23	0	0
IS	154	23	23	0	0
IS	155	19	19	0	0
IS	156	20	20	0	0
IS	157	22	22	0	0
IS	158	28	28	0	0
IS	159	20	20	0	0
IS	160	17	17	0	0
IS	161	18	18	0	0
IS	162	22	22	0	0
IS	163	18	18	0	0
IS	164	23	23	0	0
IS	165	17	17	0	0
IS	166	20	20	0	0
IS	167	21	21	0	0
IS	168	22	22	0	0
IS	169	17	17	0	0
IS	170	26	26	0	0
IS	171	15	15	0	0
IS	172	17	17	0	0
IS	173	20	20	0	0
IS	174	18	18	0	0
IS	175	14	14	0	0
IS	176	15	15	0	0
IS	177	16	16	0	0
IS	178	21	21	0	0
IS	179	15	15	0	0
IS	180	15	15	0	0
IS	181	17	17	0	0
IS	182	17	17	0	0
IS	183	19	19	0	0
IS	184	19	19	0	0
IS	185	13	13	0	0
IS	186	20	20	0	0
IS	187	15	15	0	0
IS	188	18	18	0	0
IS	189	15	15	0	0
IS	190	14	14	0	0
IS	191	15	15	0	0
IS	192	15	15	0	0
IS	193	16	16	0	0
IS	194	9	9	0	0
IS	195	14	14	0	0
IS	196	16	16	0	0
IS	197	17	17	0	0
IS	198	12	12	0	0
IS	199	11	11	0	0
IS	200	15	15	0	0
IS	201	12	12	0	0
IS	202	20	20	0	0
IS	203	13	13	0	0
IS	204	14	14	0	0
IS	205	20	20	0	0
IS	206	14	14	0	0
IS	207	15	15	0	0
IS	208	10	10	0	0
IS	209	13	13	0	0
IS	210	13	13	0	0
IS	211	16	16	0	0
IS	212	15	15	0	0
IS	213	15	15	0	0
IS	214	13	13	0	0
IS	215	9	9	0	0
IS	216	12	12	0	0
IS	217	13	13	0	0
IS	218	14	14	0	0
IS	219	10	10	0	0
IS	220	13	13	0	0
IS	221	11	11	0	0
IS	222	11	11	0	0
IS	223	13	13	0	0
IS	224	13	13	0	0
IS	225	11	11	0	0
IS	226	10	10	0	0
IS	227	10	10	0	0
IS	228	7	7	0	0
IS	229	10	10	0	0
IS	230	12	12	0	0
IS	231	12	12	0	0
IS	232	8	8	0	0
IS	233	15	15	0	0
IS	234	14	14	0	0
IS	235	11	11	0	0
IS	236	8	8	0	0
IS	237	10	10	0	0
IS	238	12	12	0	0
IS	239	12	12	0	0
IS	240	10	10	0	0
IS	241	13	13	0	0
IS	242	7	7	0	0
IS	243	8	8	0	0
IS	244	7	7	0	0
IS	245	11	11	0	0
IS	246	12	12	0	0
IS	247	10	10	0	0
IS	248	9	9	0	0
IS	249	11	11	0	0
IS	250	10	10	0	0
IS	251	12	12	0	0
IS	252	10	10	0	0
IS	253	13	13	0	0
IS	254	9	9	0	0
IS	255	8	8	0	0
IS	256	10	10	0	0
IS	257	10	10	0	0
IS	258	9	9	0	0
IS	259	7	7	0	0
IS	260	8	8	0	0
IS	261	9	9	0	0
IS	262	8	8	0	0
IS	263	8	8	0	0
IS	264	11	11	0	0
IS	265	8	8	0	0
IS	266	6	6	0	0
IS	267	6	6	0	0
IS	268	11	11	0	0
IS	269	8	8	0	0
IS	270	8	8	0	0
IS	271	7	7	0	0
IS	272	8	8	0	0
IS	273	5	5	0	0
IS	274	8	8	0	0
IS	275	10	10	0	0
IS	276	6	6	0	0
IS	277	8	8	0	0
IS	278	10	10	0	0
IS	279	10	10	0	0
IS	280	6	6	0	0
IS	281	8	8	0	0
IS	282	4	4	0	0
IS	283	4	4	0	0
IS	284	11	11	0	0
IS	285	8	8	0	0
IS	286	9	9	0	0
IS	287	6	6	0	0
IS	288	4	4	0	0
IS	289	7	7	0	0
IS	290	9	9	0	0
IS	291	11	11	0	0
IS	292	8	8	0	0
IS	293	8	8	0	0
IS	294	7	7	0	0
IS	295	5	5	0	0
IS	296	6	6	0	0
IS	297	4	4	0	0
IS	298	7	7	0	0
IS	299	6	6	0	0
IS	300	6	6	0	0
IS	301	5	5	0	0
IS	302	7	7	0	0
IS	303	8	8	0	0
IS	304	8	8	0	0
IS	305	5	5	0	0
IS	306	6	6	0	0
IS	307	6	6	0	0
IS	308	8	8	0	0
IS	309	7	7	0	0
IS	310	4	4	0	0
IS	311	5	5	0	0
IS	312	4	4	0	0
IS	313	10	10	0	0
IS	314	5	5	0	0
IS	315	8	8	0	0
IS	316	7	7	0	0
IS	317	4	4	0	0
IS	318	5	5	0	0
IS	319	6	6	0	0
IS	320	4	4	0	0
IS	321	4	4	0	0
IS	322	2	2	0	0
IS	323	7	7	0	0
IS	324	1	1	0	0
IS	325	3	3	0	0
IS	326	5	5	0	0
IS	327	5	5	0	0
IS	328	3	3	0	0
IS	329	4	4	0	0
IS	330	6	6	0	0
IS	331	5	5	0	0
IS	332	1	1	0	0
IS	333	5	5	0	0
IS	334	6	6	0	0
IS	335	2	2	0	0
IS	336	6	6	0	0
IS	337	6	6	0	0
IS	338	3	3	0	0
IS	339	1	1	0	0
IS	340	2	2	0	0
IS	341	2	2	0	0
IS	342	1	1	0	0
IS	343	4	4	0	0
IS	344	4	4	0	0
IS	345	3	3	0	0
IS	346	2	2	0	0
IS	347	5	5	0	0
IS	348	3	3	0	0
IS	349	3	3	0	0
IS	350	6	6	0	0
IS	351	4	4	0	0
IS	352	4	4	0	0
IS	353	5	5	0	0
IS	354	3	3	0	0
IS	355	3	3	0	0
IS	356	4	4	0	0
IS	357	4	4	0	0
IS	358	4	4	0	0
IS	359	4	4	0	0
IS	360	2	2	0	0
IS	361	7	7	0	0
IS	362	6	6	0	0
IS	363	6	6	0	0
IS	364	3	3	0	0
IS	365	2	2	0	0
IS	366	3	3	0	0
IS	367	3	3	0	0
IS	368	4	4	0	0
IS	369	2	2	0	0
IS	370	4	4	0	0
IS	371	5	5	0	0
IS	372	4	4	0	0
IS	373	2	2	0	0
IS	374	3	3	0	0
IS	375	2	2	0	0
IS	376	3	3	0	0
IS	377	2	2	0	0
IS	378	2	2	0	0
IS	379	2	2	0	0
IS	380	5	5	0	0
IS	381	2	2	0	0
IS	382	2	2	0	0
IS	383	3	3	0	0
IS	384	4	4	0	0
IS	385	2	2	0	0
IS	386	3	3	0	0
IS	387	2	2	0	0
IS	388	1	1	0	0
IS	389	2	2	0	0
IS	390	2	2	0	0
IS	391	3	3	0	0
IS	392	3	3	0	0
IS	393	4	4	0	0
IS	394	4	4	0	0
IS	395	2	2	0	0
IS	396	4	4	0	0
IS	397	6	6	0	0
# Read lengths. Use `grep ^RL | cut -f 2-` to extract this part. The columns are: read length, count
RL	22	14909
RL	23	15547
RL	24	19554
RL	25	23945
RL	26	27865
RL	27	31508
RL	28	34427
RL	29	37672
RL	30	43323
RL	31	48956
RL	32	56981
RL	33	64520
RL	34	71383
RL	35	76991
RL	36	84469
RL	37	90496
RL	38	95608
RL	39	101895
RL	40	105315
RL	41	110155
RL	42	115326
RL	43	121303
RL	44	125805
RL	45	131534
RL	46	134728
RL	47	138294
RL	48	143084
RL	49	145776
RL	50	147293
RL	51	150622
RL	52	154237
RL	53	157292
RL	54	162655
RL	55	166025
RL	56	165941
RL	57	167242
RL	58	169181
RL	59	172273
RL	60	172975
RL	61	164978
RL	62	161798
RL	63	163031
RL	64	163323
RL	65	162412
RL	66	162539
RL	67	160799
RL	68	158909
RL	69	157998
RL	70	153366
RL	71	149820
RL	72	148243
RL	73	146532
RL	74	143700
RL	75	142868
RL	76	141342
RL	77	139313
RL	78	141003
RL	79	141111
RL	80	139304
RL	81	135892
RL	82	131441
RL	83	130771
RL	84	128774
RL	85	127263
RL	86	125645
RL	87	126145
RL	88	127514
RL	89	132170
RL	90	128828
RL	91	121926
RL	92	115743
RL	93	110876
RL	94	108717
RL	95	107215
RL	96	105350
RL	97	102644
RL	98	102848
RL	99	102372
RL	100	100414
RL	101	100378
RL	102	100613
RL	103	99357
RL	104	95500
RL	105	94160
RL	106	91778
RL	107	93317
RL	108	93556
RL	109	93462
RL	110	91195
RL	111	86672
RL	112	83287
RL	113	81089
RL	114	77907
RL	115	74770
RL	116	74088
RL	117	72624
RL	118	72569
RL	119	70089
# Indel distribution. Use `grep ^ID | cut -f 2-` to extract this part. The columns are: length, number of insertions, number of deletions
ID	1	32635	35664
ID	2	7093	9027
ID	3	2410	3156
ID	4	2349	3446
ID	5	611	971
ID	6	356	683
ID	7	102	237
ID	8	117	338
ID	9	53	99
ID	10	22	133
ID	11	12	50
ID	12	8	106
ID	13	5	24
ID	14	6	28
ID	15	6	28
ID	16	4	25
ID	17	0	4
ID	18	0	8
ID	19	0	2
ID	20	0	7
ID	22	0	2
ID	24	0	2
# Indels per cycle. Use `grep ^IC | cut -f 2-` to extract this part. The columns are: cycle, number of insertions (fwd), .. (rev) , number of deletions (fwd), .. (rev)
IC	4	0	0	189	155
IC	5	181	153	171	195
IC	6	171	175	261	262
IC	7	225	239	253	248
IC	8	232	212	221	274
IC	9	215	204	286	298
IC	10	227	251	305	298
IC	11	233	247	305	318
IC	12	253	258	340	360
IC	13	291	313	332	335
IC	14	295	274	365	382
IC	15	320	316	344	377
IC	16	299	296	359	410
IC	17	333	299	339	432
IC	18	329	342	417	420
IC	19	363	440	410	427
IC	20	322	391	438	482
IC	21	372	392	405	425
IC	22	367	331	442	418
IC	23	356	388	487	439
IC	24	393	332	406	444
IC	25	363	377	420	460
IC	26	357	372	402	434
IC	27	393	382	464	411
IC	28	363	406	478	456
IC	29	387	388	401	449
IC	30	408	381	428	431
IC	31	421	409	421	400
IC	32	369	363	438	461
IC	33	358	384	433	464
IC	34	368	360	435	452
IC	35	352	384	425	470
IC	36	377	368	402	437
IC	37	388	372	392	437
IC	38	398	338	445	410
IC	39	329	360	435	380
IC	40	341	367	413	415
IC	41	340	348	380	412
IC	42	376	362	424	399
IC	43	342	353	397	387
IC	44	328	364	415	383
IC	45	337	322	389	373
IC	46	301	358	330	368
IC	47	316	361	349	364
IC	48	338	336	342	385
IC	49	286	284	353	364
IC	50	322	280	364	318
IC	51	314	302	318	354
IC	52	296	281	343	347
IC	53	244	277	332	311
IC	54	255	287	327	317
IC	55	274	258	339	328
IC	56	256	279	289	323
IC	57	265	236	303	307
IC	58	269	234	275	286
IC	59	263	230	297	274
IC	60	223	249	283	273
IC	61	253	227	252	232
IC	62	234	220	240	240
IC	63	217	232	259	251
IC	64	194	207	237	255
IC	65	212	191	241	199
IC	66	202	195	244	258
IC	67	180	169	236	226
IC	68	179	178	222	217
IC	69	177	191	246	187
IC	70	197	180	217	207
IC	71	175	170	204	161
IC	72	171	170	196	195
IC	73	167	145	183	172
IC	74	188	178	192	207
IC	75	152	153	171	146
IC	76	125	138	184	170
IC	77	124	142	155	150
IC	78	133	148	140	136
IC	79	132	129	154	141
IC	80	127	113	142	149
IC	81	120	116	141	130
IC	82	110	105	147	143
IC	83	124	96	129	120
IC	84	92	81	104	108
IC	85	102	101	118	115
IC	86	82	82	110	114
IC	87	76	82	111	100
IC	88	80	69	111	104
IC	89	66	61	131	71
IC	90	76	70	98	88
IC	91	72	66	81	75
IC	92	71	61	87	80
IC	93	57	54	75	54
IC	94	57	54	73	63
IC	95	54	59	51	58
IC	96	38	51	59	60
IC	97	54	39	59	40
IC	98	38	40	44	47
IC	99	39	40	45	38
IC	100	45	36	51	46
IC	101	25	32	44	41
IC	102	29	37	42	31
IC	103	21	23	40	32
IC	104	25	26	29	26
IC	105	15	16	27	25
IC	106	14	12	23	23
IC	107	12	12	16	22
IC	108	10	11	16	18
IC	109	10	8	16	14
IC	110	9	6	10	11
IC	111	10	12	9	8
IC	112	4	4	9	6
IC	113	4	7	4	4
IC	114	2	2	2	4
IC	115	1	0	0	0
# Coverage distribution. Use `grep ^COV | cut -f 2-` to extract this part.
COV	[1-1]	1	1738397
COV	[2-2]	2	321605594
COV	[3-3]	3	238134
COV	[4-4]	4	26409976
COV	[5-5]	5	28372
COV	[6-6]	6	2212082
COV	[7-7]	7	6684
COV	[8-8]	8	467150
COV	[9-9]	9	3913
COV	[10-10]	10	246501
COV	[11-11]	11	2657
COV	[12-12]	12	165243
COV	[13-13]	13	2363
COV	[14-14]	14	115165
COV	[15-15]	15	1590
COV	[16-16]	16	85216
COV	[17-17]	17	1638
COV	[18-18]	18	65664
COV	[19-19]	19	1417
COV	[20-20]	20	49783
COV	[21-21]	21	821
COV	[22-22]	22	40920
COV	[23-23]	23	845
COV	[24-24]	24	34340
COV	[25-25]	25	649
COV	[26-26]	26	27969
COV	[27-27]	27	577
COV	[28-28]	28	23672
COV	[29-29]	29	516
COV	[30-30]	30	19843
COV	[31-31]	31	539
COV	[32-32]	32	16156
COV	[33-33]	33	490
COV	[34-34]	34	13742
COV	[35-35]	35	280
COV	[36-36]	36	11913
COV	[37-37]	37	344
COV	[38-38]	38	9870
COV	[39-39]	39	235
COV	[40-40]	40	8389
COV	[41-41]	41	258
COV	[42-42]	42	7639
COV	[43-43]	43	300
COV	[44-44]	44	6846
COV	[45-45]	45	176
COV	[46-46]	46	5753
COV	[47-47]	47	223
COV	[48-48]	48	5043
COV	[49-49]	49	193
COV	[50-50]	50	4497
COV	[51-51]	51	208
COV	[52-52]	52	3870
COV	[53-53]	53	151
COV	[54-54]	54	3357
COV	[55-55]	55	119
COV	[56-56]	56	3256
COV	[57-57]	57	95
COV	[58-58]	58	2997
COV	[59-59]	59	103
COV	[60-60]	60	2545
COV	[61-61]	61	96
COV	[62-62]	62	2011
COV	[63-63]	63	135
COV	[64-64]	64	1734
COV	[65-65]	65	50
COV	[66-66]	66	1426
COV	[67-67]	67	60
COV	[68-68]	68	1561
COV	[69-69]	69	103
COV	[70-70]	70	1180
COV	[71-71]	71	66
COV	[72-72]	72	1163
COV	[73-73]	73	55
COV	[74-74]	74	799
COV	[75-75]	75	48
COV	[76-76]	76	755
COV	[77-77]	77	36
COV	[78-78]	78	609
COV	[79-79]	79	10
COV	[80-80]	80	589
COV	[81-81]	81	35
COV	[82-82]	82	489
COV	[83-83]	83	22
COV	[84-84]	84	484
COV	[85-85]	85	12
COV	[86-86]	86	491
COV	[87-87]	87	43
COV	[88-88]	88	327
COV	[89-89]	89	14
COV	[90-90]	90	247
COV	[91-91]	91	38
COV	[92-92]	92	219
COV	[93-93]	93	14
COV	[94-94]	94	195
COV	[95-95]	95	19
COV	[96-96]	96	133
COV	[97-97]	97	13
COV	[98-98]	98	153
COV	[99-99]	99	29
COV	[100-100]	100	132
COV	[101-101]	101	19
COV	[102-102]	102	155
COV	[103-103]	103	31
COV	[104-104]	104	123
COV	[105-105]	105	4
COV	[106-106]	106	122
COV	[107-107]	107	3
COV	[108-108]	108	127
COV	[109-109]	109	1
COV	[110-110]	110	113
COV	[111-111]	111	1
COV	[112-112]	112	87
COV	[114-114]	114	100
COV	[115-115]	115	3
COV	[116-116]	116	118
COV	[118-118]	118	98
COV	[119-119]	119	2
COV	[120-120]	120	90
COV	[121-121]	121	1
COV	[122-122]	122	99
COV	[123-123]	123	1
COV	[124-124]	124	81
COV	[125-125]	125	8
COV	[126-126]	126	70
COV	[127-127]	127	1
COV	[128-128]	128	72
COV	[130-130]	130	65
COV	[131-131]	131	3
COV	[132-132]	132	63
COV	[133-133]	133	7
COV	[134-134]	134	54
COV	[135-135]	135	2
COV	[136-136]	136	61
COV	[137-137]	137	6
COV	[138-138]	138	65
COV	[139-139]	139	5
COV	[140-140]	140	79
COV	[141-141]	141	3
COV	[142-142]	142	65
COV	[144-144]	144	64
COV	[145-145]	145	12
COV	[146-146]	146	60
COV	[147-147]	147	9
COV	[148-148]	148	63
COV	[149-149]	149	2
COV	[150-150]	150	51
COV	[151-151]	151	6
COV	[152-152]	152	43
COV	[153-153]	153	4
COV	[154-154]	154	78
COV	[155-155]	155	1
COV	[156-156]	156	68
COV	[157-157]	157	1
COV	[158-158]	158	49
COV	[159-159]	159	3
COV	[160-160]	160	62
COV	[161-161]	161	1
COV	[162-162]	162	44
COV	[163-163]	163	1
COV	[164-164]	164	49
COV	[165-165]	165	1
COV	[166-166]	166	51
COV	[167-167]	167	2
COV	[168-168]	168	54
COV	[169-169]	169	4
COV	[170-170]	170	42
COV	[171-171]	171	4
COV	[172-172]	172	49
COV	[173-173]	173	5
COV	[174-174]	174	42
COV	[175-175]	175	3
COV	[176-176]	176	43
COV	[177-177]	177	3
COV	[178-178]	178	44
COV	[179-179]	179	12
COV	[180-180]	180	34
COV	[181-181]	181	10
COV	[182-182]	182	63
COV	[183-183]	183	6
COV	[184-184]	184	50
COV	[185-185]	185	5
COV	[186-186]	186	61
COV	[187-187]	187	6
COV	[188-188]	188	47
COV	[189-189]	189	3
COV	[190-190]	190	40
COV	[191-191]	191	16
COV	[192-192]	192	34
COV	[193-193]	193	6
COV	[194-194]	194	57
COV	[195-195]	195	6
COV	[196-196]	196	43
COV	[197-197]	197	6
COV	[198-198]	198	31
COV	[199-199]	199	7
COV	[200-200]	200	31
COV	[201-201]	201	4
COV	[202-202]	202	49
COV	[203-203]	203	3
COV	[204-204]	204	67
COV	[206-206]	206	56
COV	[207-207]	207	1
COV	[208-208]	208	74
COV	[209-209]	209	2
COV	[210-210]	210	49
COV	[211-211]	211	6
COV	[212-212]	212	42
COV	[213-213]	213	6
COV	[214-214]	214	54
COV	[216-216]	216	51
COV	[217-217]	217	2
COV	[218-218]	218	43
COV	[219-219]	219	5
COV	[220-220]	220	36
COV	[221-221]	221	2
COV	[222-222]	222	41
COV	[223-223]	223	2
COV	[224-224]	224	46
COV	[225-225]	225	6
COV	[226-226]	226	26
COV	[227-227]	227	8
COV	[228-228]	228	42
COV	[229-229]	229	5
COV	[230-230]	230	50
COV	[231-231]	231	2
COV	[232-232]	232	36
COV	[234-234]	234	50
COV	[235-235]	235	1
COV	[236-236]	236	48
COV	[237-237]	237	2
COV	[238-238]	238	53
COV	[239-239]	239	4
COV	[240-240]	240	52
COV	[241-241]	241	2
COV	[242-242]	242	39
COV	[243-243]	243	4
COV	[244-244]	244	50
COV	[245-245]	245	8
COV	[246-246]	246	37
COV	[247-247]	247	1
COV	[248-248]	248	47
COV	[249-249]	249	3
COV	[250-250]	250	46
COV	[251-251]	251	1
COV	[252-252]	252	53
COV	[253-253]	253	4
COV	[254-254]	254	54
COV	[255-255]	255	3
COV	[256-256]	256	54
COV	[257-257]	257	6
COV	[258-258]	258	42
COV	[259-259]	259	2
COV	[260-260]	260	43
COV	[261-261]	261	7
COV	[262-262]	262	39
COV	[263-263]	263	6
COV	[264-264]	264	33
COV	[265-265]	265	3
COV	[266-266]	266	44
COV	[267-267]	267	1
COV	[268-268]	268	36
COV	[270-270]	270	35
COV	[271-271]	271	3
COV	[272-272]	272	37
COV	[273-273]	273	2
COV	[274-274]	274	27
COV	[276-276]	276	38
COV	[277-277]	277	2
COV	[278-278]	278	40
COV	[279-279]	279	2
COV	[280-280]	280	53
COV	[282-282]	282	30
COV	[283-283]	283	2
COV	[284-284]	284	47
COV	[285-285]	285	9
COV	[286-286]	286	35
COV	[287-287]	287	2
COV	[288-288]	288	17
COV	[290-290]	290	31
COV	[291-291]	291	6
COV	[292-292]	292	35
COV	[293-293]	293	10
COV	[294-294]	294	26
COV	[295-295]	295	3
COV	[296-296]	296	28
COV	[297-297]	297	6
COV	[298-298]	298	32
COV	[299-299]	299	3
COV	[300-300]	300	35
COV	[301-301]	301	4
COV	[302-302]	302	35
COV	[303-303]	303	2
COV	[304-304]	304	37
COV	[305-305]	305	1
COV	[306-306]	306	43
COV	[307-307]	307	4
COV	[308-308]	308	45
COV	[309-309]	309	9
COV	[310-310]	310	55
COV	[311-311]	311	3
COV	[312-312]	312	33
COV	[313-313]	313	5
COV	[314-314]	314	32
COV	[315-315]	315	3
COV	[316-316]	316	34
COV	[317-317]	317	2
COV	[318-318]	318	43
COV	[319-319]	319	4
COV	[320-320]	320	31
COV	[321-321]	321	2
COV	[322-322]	322	27
COV	[323-323]	323	1
COV	[324-324]	324	34
COV	[325-325]	325	6
COV	[326-326]	326	30
COV	[327-327]	327	3
COV	[328-328]	328	38
COV	[329-329]	329	2
COV	[330-330]	330	34
COV	[331-331]	331	4
COV	[332-332]	332	50
COV	[333-333]	333	3
COV	[334-334]	334	44
COV	[335-335]	335	1
COV	[336-336]	336	37
COV	[337-337]	337	3
COV	[338-338]	338	67
COV	[340-340]	340	44
COV	[341-341]	341	3
COV	[342-342]	342	34
COV	[344-344]	344	57
COV	[345-345]	345	1
COV	[346-346]	346	74
COV	[347-347]	347	2
COV	[348-348]	348	48
COV	[349-349]	349	5
COV	[350-350]	350	34
COV	[351-351]	351	1
COV	[352-352]	352	41
COV	[353-353]	353	6
COV	[354-354]	354	49
COV	[355-355]	355	6
COV	[356-356]	356	32
COV	[357-357]	357	11
COV	[358-358]	358	58
COV	[359-359]	359	14
COV	[360-360]	360	54
COV	[361-361]	361	14
COV	[362-362]	362	39
COV	[363-363]	363	6
COV	[364-364]	364	48
COV	[365-365]	365	4
COV	[366-366]	366	35
COV	[367-367]	367	8
COV	[368-368]	368	51
COV	[369-369]	369	5
COV	[370-370]	370	56
COV	[371-371]	371	16
COV	[372-372]	372	72
COV	[373-373]	373	8
COV	[374-374]	374	57
COV	[375-375]	375	11
COV	[376-376]	376	47
COV	[377-377]	377	11
COV	[378-378]	378	43
COV	[379-379]	379	2
COV	[380-380]	380	64
COV	[381-381]	381	4
COV	[382-382]	382	83
COV	[383-383]	383	1
COV	[384-384]	384	75
COV	[385-385]	385	4
COV	[386-386]	386	63
COV	[387-387]	387	8
COV	[388-388]	388	51
COV	[389-389]	389	7
COV	[390-390]	390	50
COV	[391-391]	391	3
COV	[392-392]	392	53
COV	[393-393]	393	4
COV	[394-394]	394	40
COV	[395-395]	395	5
COV	[396-396]	396	50
COV	[398-398]	398	39
COV	[399-399]	399	3
COV	[400-400]	400	53
COV	[401-401]	401	4
COV	[402-402]	402	62
COV	[403-403]	403	6
COV	[404-404]	404	54
COV	[405-405]	405	7
COV	[406-406]	406	38
COV	[407-407]	407	4
COV	[408-408]	408	46
COV	[409-409]	409	10
COV	[410-410]	410	63
COV	[411-411]	411	4
COV	[412-412]	412	49
COV	[413-413]	413	13
COV	[414-414]	414	70
COV	[415-415]	415	11
COV	[416-416]	416	57
COV	[417-417]	417	8
COV	[418-418]	418	52
COV	[419-419]	419	8
COV	[420-420]	420	49
COV	[421-421]	421	4
COV	[422-422]	422	63
COV	[423-423]	423	4
COV	[424-424]	424	80
COV	[425-425]	425	10
COV	[426-426]	426	88
COV	[427-427]	427	15
COV	[428-428]	428	62
COV	[429-429]	429	10
COV	[430-430]	430	66
COV	[431-431]	431	5
COV	[432-432]	432	52
COV	[433-433]	433	8
COV	[434-434]	434	44
COV	[435-435]	435	11
COV	[436-436]	436	52
COV	[437-437]	437	12
COV	[438-438]	438	44
COV	[439-439]	439	10
COV	[440-440]	440	49
COV	[441-441]	441	2
COV	[442-442]	442	40
COV	[443-443]	443	7
COV	[444-444]	444	42
COV	[445-445]	445	4
COV	[446-446]	446	36
COV	[447-447]	447	8
COV	[448-448]	448	50
COV	[449-449]	449	5
COV	[450-450]	450	37
COV	[451-451]	451	8
COV	[452-452]	452	28
COV	[453-453]	453	9
COV	[454-454]	454	33
COV	[455-455]	455	8
COV	[456-456]	456	33
COV	[457-457]	457	11
COV	[458-458]	458	30
COV	[459-459]	459	7
COV	[460-460]	460	33
COV	[461-461]	461	8
COV	[462-462]	462	30
COV	[463-463]	463	5
COV	[464-464]	464	34
COV	[465-465]	465	11
COV	[466-466]	466	43
COV	[467-467]	467	12
COV	[468-468]	468	39
COV	[469-469]	469	6
COV	[470-470]	470	34
COV	[471-471]	471	9
COV	[472-472]	472	48
COV	[473-473]	473	19
COV	[474-474]	474	51
COV	[475-475]	475	11
COV	[476-476]	476	43
COV	[477-477]	477	7
COV	[478-478]	478	36
COV	[479-479]	479	10
COV	[480-480]	480	39
COV	[481-481]	481	4
COV	[482-482]	482	40
COV	[483-483]	483	18
COV	[484-484]	484	37
COV	[485-485]	485	12
COV	[486-486]	486	32
COV	[487-487]	487	11
COV	[488-488]	488	34
COV	[489-489]	489	7
COV	[490-490]	490	27
COV	[491-491]	491	2
COV	[492-492]	492	29
COV	[493-493]	493	6
COV	[494-494]	494	34
COV	[495-495]	495	6
COV	[496-496]	496	55
COV	[497-497]	497	3
COV	[498-498]	498	44
COV	[499-499]	499	8
COV	[500-500]	500	39
COV	[501-501]	501	4
COV	[502-502]	502	32
COV	[503-503]	503	8
COV	[504-504]	504	25
COV	[505-505]	505	10
COV	[506-506]	506	30
COV	[507-507]	507	7
COV	[508-508]	508	27
COV	[509-509]	509	4
COV	[510-510]	510	42
COV	[511-511]	511	2
COV	[512-512]	512	37
COV	[513-513]	513	8
COV	[514-514]	514	21
COV	[515-515]	515	10
COV	[516-516]	516	38
COV	[517-517]	517	9
COV	[518-518]	518	34
COV	[519-519]	519	10
COV	[520-520]	520	32
COV	[521-521]	521	12
COV	[522-522]	522	35
COV	[523-523]	523	6
COV	[524-524]	524	44
COV	[525-525]	525	9
COV	[526-526]	526	36
COV	[527-527]	527	9
COV	[528-528]	528	47
COV	[529-529]	529	15
COV	[530-530]	530	32
COV	[531-531]	531	6
COV	[532-532]	532	40
COV	[533-533]	533	12
COV	[534-534]	534	25
COV	[535-535]	535	17
COV	[536-536]	536	35
COV	[537-537]	537	13
COV	[538-538]	538	25
COV	[539-539]	539	11
COV	[540-540]	540	35
COV	[541-541]	541	19
COV	[542-542]	542	27
COV	[543-543]	543	12
COV	[544-544]	544	42
COV	[545-545]	545	15
COV	[546-546]	546	31
COV	[547-547]	547	8
COV	[548-548]	548	38
COV	[549-549]	549	8
COV	[550-550]	550	39
COV	[551-551]	551	5
COV	[552-552]	552	33
COV	[553-553]	553	15
COV	[554-554]	554	32
COV	[555-555]	555	16
COV	[556-556]	556	44
COV	[557-557]	557	19
COV	[558-558]	558	39
COV	[559-559]	559	14
COV	[560-560]	560	37
COV	[561-561]	561	11
COV	[562-562]	562	37
COV	[563-563]	563	5
COV	[564-564]	564	28
COV	[565-565]	565	8
COV	[566-566]	566	33
COV	[567-567]	567	11
COV	[568-568]	568	27
COV	[569-569]	569	5
COV	[570-570]	570	25
COV	[571-571]	571	9
COV	[572-572]	572	33
COV	[573-573]	573	10
COV	[574-574]	574	22
COV	[575-575]	575	6
COV	[576-576]	576	35
COV	[577-577]	577	5
COV	[578-578]	578	29
COV	[579-579]	579	4
COV	[580-580]	580	40
COV	[581-581]	581	6
COV	[582-582]	582	39
COV	[583-583]	583	6
COV	[584-584]	584	31
COV	[585-585]	585	8
COV	[586-586]	586	36
COV	[587-587]	587	6
COV	[588-588]	588	42
COV	[589-589]	589	5
COV	[590-590]	590	42
COV	[591-591]	591	6
COV	[592-592]	592	45
COV	[593-593]	593	6
COV	[594-594]	594	30
COV	[595-595]	595	5
COV	[596-596]	596	23
COV	[597-597]	597	2
COV	[598-598]	598	26
COV	[599-599]	599	9
COV	[600-600]	600	30
COV	[601-601]	601	6
COV	[602-602]	602	40
COV	[603-603]	603	2
COV	[604-604]	604	28
COV	[605-605]	605	6
COV	[606-606]	606	35
COV	[607-607]	607	7
COV	[608-608]	608	29
COV	[609-609]	609	8
COV	[610-610]	610	34
COV	[611-611]	611	4
COV	[612-612]	612	26
COV	[613-613]	613	8
COV	[614-614]	614	28
COV	[615-615]	615	3
COV	[616-616]	616	23
COV	[617-617]	617	6
COV	[618-618]	618	24
COV	[619-619]	619	6
COV	[620-620]	620	14
COV	[621-621]	621	4
COV	[622-622]	622	12
COV	[623-623]	623	3
COV	[624-624]	624	16
COV	[625-625]	625	4
COV	[626-626]	626	30
COV	[627-627]	627	6
COV	[628-628]	628	27
COV	[629-629]	629	7
COV	[630-630]	630	20
COV	[631-631]	631	8
COV	[632-632]	632	24
COV	[633-633]	633	6
COV	[634-634]	634	25
COV	[635-635]	635	3
COV	[636-636]	636	30
COV	[637-637]	637	6
COV	[638-638]	638	28
COV	[639-639]	639	4
COV	[640-640]	640	32
COV	[641-641]	641	6
COV	[642-642]	642	28
COV	[643-643]	643	9
COV	[644-644]	644	26
COV	[645-645]	645	7
COV	[646-646]	646	16
COV	[647-647]	647	13
COV	[648-648]	648	28
COV	[649-649]	649	12
COV	[650-650]	650	19
COV	[651-651]	651	12
COV	[652-652]	652	17
COV	[653-653]	653	6
COV	[654-654]	654	36
COV	[655-655]	655	5
COV	[656-656]	656	21
COV	[657-657]	657	2
COV	[658-658]	658	27
COV	[659-659]	659	5
COV	[660-660]	660	23
COV	[661-661]	661	3
COV	[662-662]	662	30
COV	[663-663]	663	4
COV	[664-664]	664	29
COV	[665-665]	665	4
COV	[666-666]	666	15
COV	[667-667]	667	12
COV	[668-668]	668	25
COV	[669-669]	669	5
COV	[670-670]	670	14
COV	[671-671]	671	3
COV	[672-672]	672	18
COV	[673-673]	673	2
COV	[674-674]	674	11
COV	[675-675]	675	4
COV	[676-676]	676	14
COV	[677-677]	677	2
COV	[678-678]	678	7
COV	[679-679]	679	4
COV	[680-680]	680	10
COV	[681-681]	681	6
COV	[682-682]	682	10
COV	[684-684]	684	6
COV	[685-685]	685	2
COV	[686-686]	686	12
COV	[687-687]	687	3
COV	[688-688]	688	13
COV	[689-689]	689	5
COV	[690-690]	690	13
COV	[691-691]	691	2
COV	[692-692]	692	10
COV	[693-693]	693	4
COV	[694-694]	694	13
COV	[695-695]	695	3
COV	[696-696]	696	28
COV	[697-697]	697	3
COV	[698-698]	698	11
COV	[699-699]	699	1
COV	[700-700]	700	13
COV	[701-701]	701	3
COV	[702-702]	702	18
COV	[703-703]	703	6
COV	[704-704]	704	12
COV	[705-705]	705	6
COV	[706-706]	706	12
COV	[707-707]	707	5
COV	[708-708]	708	22
COV	[709-709]	709	4
COV	[710-710]	710	11
COV	[711-711]	711	9
COV	[712-712]	712	14
COV	[713-713]	713	8
COV	[714-714]	714	16
COV	[715-715]	715	6
COV	[716-716]	716	12
COV	[717-717]	717	2
COV	[718-718]	718	21
COV	[719-719]	719	7
COV	[720-720]	720	23
COV	[721-721]	721	6
COV	[722-722]	722	8
COV	[723-723]	723	7
COV	[724-724]	724	15
COV	[725-725]	725	4
COV	[726-726]	726	12
COV	[728-728]	728	10
COV	[729-729]	729	5
COV	[730-730]	730	12
COV	[731-731]	731	5
COV	[732-732]	732	16
COV	[733-733]	733	7
COV	[734-734]	734	12
COV	[735-735]	735	2
COV	[736-736]	736	11
COV	[737-737]	737	3
COV	[738-738]	738	9
COV	[739-739]	739	2
COV	[740-740]	740	10
COV	[741-741]	741	7
COV	[742-742]	742	5
COV	[743-743]	743	1
COV	[744-744]	744	6
COV	[745-745]	745	2
COV	[746-746]	746	12
COV	[747-747]	747	2
COV	[748-748]	748	10
COV	[749-749]	749	4
COV	[750-750]	750	17
COV	[751-751]	751	3
COV	[752-752]	752	13
COV	[753-753]	753	5
COV	[754-754]	754	10
COV	[755-755]	755	7
COV	[756-756]	756	8
COV	[757-757]	757	2
COV	[758-758]	758	9
COV	[759-759]	759	2
COV	[760-760]	760	10
COV	[761-761]	761	1
COV	[762-762]	762	8
COV	[764-764]	764	9
COV	[766-766]	766	10
COV	[767-767]	767	2
COV	[768-768]	768	3
COV	[769-769]	769	2
COV	[770-770]	770	11
COV	[772-772]	772	11
COV	[773-773]	773	4
COV	[774-774]	774	3
COV	[775-775]	775	3
COV	[776-776]	776	6
COV	[777-777]	777	3
COV	[778-778]	778	9
COV	[779-779]	779	2
COV	[780-780]	780	10
COV	[781-781]	781	4
COV	[782-782]	782	12
COV	[783-783]	783	1
COV	[784-784]	784	8
COV	[785-785]	785	1
COV	[786-786]	786	8
COV	[787-787]	787	1
COV	[788-788]	788	3
COV	[789-789]	789	1
COV	[790-790]	790	4
COV	[791-791]	791	4
COV	[792-792]	792	5
COV	[793-793]	793	2
COV	[794-794]	794	8
COV	[795-795]	795	7
COV	[796-796]	796	3
COV	[797-797]	797	2
COV	[798-798]	798	11
COV	[799-799]	799	2
COV	[800-800]	800	2
COV	[801-801]	801	2
COV	[802-802]	802	3
COV	[804-804]	804	3
COV	[806-806]	806	3
COV	[808-808]	808	7
COV	[810-810]	810	4
COV	[812-812]	812	7
COV	[814-814]	814	3
COV	[816-816]	816	3
COV	[817-817]	817	1
COV	[818-818]	818	9
COV	[819-819]	819	1
COV	[820-820]	820	7
COV	[822-822]	822	2
COV	[824-824]	824	5
COV	[826-826]	826	6
COV	[830-830]	830	8
COV	[832-832]	832	3
COV	[834-834]	834	3
COV	[836-836]	836	7
COV	[838-838]	838	9
COV	[840-840]	840	6
COV	[842-842]	842	10
COV	[844-844]	844	6
COV	[846-846]	846	8
COV	[848-848]	848	6
COV	[850-850]	850	6
COV	[852-852]	852	7
COV	[854-854]	854	3
COV	[856-856]	856	6
COV	[858-858]	858	2
COV	[860-860]	860	2
COV	[862-862]	862	1
COV	[864-864]	864	4
COV	[866-866]	866	5
COV	[872-872]	872	4
COV	[874-874]	874	2
COV	[876-876]	876	2
COV	[878-878]	878	2
COV	[882-882]	882	1
COV	[888-888]	888	1
COV	[890-890]	890	2
COV	[892-892]	892	1
COV	[894-894]	894	3
COV	[898-898]	898	2
COV	[902-902]	902	1
COV	[910-910]	910	1
COV	[912-912]	912	2
COV	[914-914]	914	2
COV	[916-916]	916	3
COV	[918-918]	918	5
COV	[920-920]	920	3
COV	[924-924]	924	3
COV	[926-926]	926	2
COV	[928-928]	928	4
COV	[930-930]	930	1
COV	[932-932]	932	3
COV	[934-934]	934	2
COV	[936-936]	936	1
COV	[938-938]	938	1
COV	[940-940]	940	2
COV	[942-942]	942	2
COV	[946-946]	946	2
COV	[948-948]	948	2
COV	[950-950]	950	1
COV	[954-954]	954	1
COV	[958-958]	958	3
# GC-depth. Use `grep ^GCD | cut -f 2-` to extract this part. The columns are: GC%, unique sequence percentiles, 10th, 25th, 50th, 75th and 90th depth percentile
GCD	0.0	0.001	0.000	0.000	0.000	0.000	0.000
GCD	6.8	0.002	0.057	0.057	0.057	0.057	0.057
GCD	11.0	0.003	0.007	0.007	0.007	0.007	0.007
GCD	12.0	0.004	0.007	0.007	0.007	0.007	0.007
GCD	14.0	0.004	0.007	0.007	0.007	0.007	0.007
GCD	15.0	0.007	0.007	0.007	0.007	0.007	0.014
GCD	16.0	0.008	0.007	0.007	0.007	0.007	0.007
GCD	17.0	0.011	0.007	0.007	0.007	0.007	0.014
GCD	18.0	0.012	0.007	0.007	0.007	0.007	0.007
GCD	19.0	0.016	0.007	0.007	0.007	0.014	0.149
GCD	20.0	0.019	0.007	0.007	0.007	0.007	0.014
GCD	21.0	0.024	0.007	0.007	0.007	0.014	0.036
GCD	22.0	0.031	0.007	0.007	0.007	0.014	0.021
GCD	23.0	0.034	0.007	0.007	0.014	0.014	0.014
GCD	24.0	0.044	0.007	0.007	0.007	0.014	0.028
GCD	25.0	0.054	0.007	0.007	0.014	0.021	0.057
GCD	26.0	0.064	0.007	0.007	0.011	0.028	0.064
GCD	27.0	0.093	0.007	0.007	0.014	0.050	0.135
GCD	28.0	0.164	0.007	0.028	0.234	0.319	0.355
GCD	29.0	0.390	0.128	0.263	0.312	0.362	0.405
GCD	30.0	1.073	0.227	0.284	0.327	0.362	0.405
GCD	31.0	2.942	0.227	0.277	0.319	0.362	0.405
GCD	32.0	6.569	0.234	0.277	0.319	0.362	0.401
GCD	33.0	12.386	0.234	0.273	0.312	0.355	0.398
GCD	34.0	20.133	0.227	0.263	0.305	0.348	0.391
GCD	35.0	28.909	0.220	0.263	0.305	0.341	0.383
GCD	36.0	38.162	0.213	0.256	0.291	0.334	0.383
GCD	37.0	47.099	0.213	0.249	0.291	0.334	0.376
GCD	38.0	55.301	0.206	0.241	0.284	0.327	0.369
GCD	39.0	62.358	0.202	0.238	0.277	0.319	0.369
GCD	40.0	68.418	0.199	0.234	0.270	0.319	0.369
GCD	41.0	73.694	0.192	0.227	0.263	0.312	0.369
GCD	42.0	78.124	0.185	0.220	0.259	0.305	0.362
GCD	43.0	81.784	0.177	0.213	0.256	0.298	0.359
GCD	44.0	84.771	0.177	0.206	0.249	0.291	0.359
GCD	45.0	87.338	0.170	0.199	0.241	0.284	0.348
GCD	46.0	89.448	0.163	0.199	0.234	0.280	0.355
GCD	47.0	91.281	0.156	0.192	0.231	0.277	0.348
GCD	48.0	92.786	0.163	0.192	0.227	0.270	0.327
GCD	49.0	94.127	0.149	0.185	0.220	0.263	0.330
GCD	50.0	95.260	0.146	0.177	0.213	0.256	0.319
GCD	51.0	96.193	0.142	0.177	0.213	0.256	0.312
GCD	52.0	96.985	0.135	0.170	0.206	0.249	0.319
GCD	53.0	97.659	0.142	0.170	0.206	0.249	0.316
GCD	54.0	98.190	0.135	0.163	0.199	0.241	0.305
GCD	55.0	98.637	0.128	0.156	0.192	0.241	0.309
GCD	56.0	98.990	0.128	0.156	0.192	0.234	0.284
GCD	57.0	99.254	0.128	0.156	0.185	0.220	0.288
GCD	58.0	99.457	0.103	0.149	0.185	0.220	0.263
GCD	59.0	99.610	0.092	0.142	0.185	0.224	0.270
GCD	60.0	99.718	0.114	0.138	0.163	0.199	0.249
GCD	61.0	99.809	0.092	0.135	0.163	0.192	0.249
GCD	62.0	99.869	0.106	0.142	0.163	0.199	0.234
GCD	63.0	99.909	0.106	0.128	0.167	0.199	0.217
GCD	64.0	99.949	0.007	0.114	0.149	0.199	0.234
GCD	65.0	99.973	0.007	0.050	0.149	0.170	0.199
GCD	66.0	99.983	0.007	0.028	0.156	0.213	0.238
GCD	67.0	99.987	0.007	0.007	0.099	0.142	0.149
GCD	68.0	99.993	0.007	0.007	0.099	0.121	0.177
GCD	69.0	99.997	0.007	0.007	0.036	0.135	0.170
GCD	70.0	99.998	0.007	0.007	0.007	0.007	0.007
GCD	72.0	99.999	0.007	0.007	0.007	0.007	0.007
GCD	76.0	100.000	0.007	0.007	0.007	0.007	0.007
