# This file was produced by samtools stats (1.1+htslib-1.1) and can be plotted using plot-bamstats
# The command line was:  stats SRR24258473.rmdup_lt120.bam
# CHK, Checksum	[2]Read Names	[3]Sequences	[4]Qualities
# CHK, CRC32 of reads which passed filtering followed by addition (32bit overflow)
CHK	7e5236a7	d8ce2cdc	7f82f133
# Summary Numbers. Use `grep ^SN | cut -f 2-` to extract this part.
SN	raw total sequences:	10430963
SN	filtered sequences:	0
SN	sequences:	10430963
SN	is sorted:	1
SN	1st fragments:	5215125
SN	last fragments:	5215838
SN	reads mapped:	10430963
SN	reads mapped and paired:	10430963	# paired-end technology bit set + both mates mapped
SN	reads unmapped:	0
SN	reads properly paired:	10430963	# proper-pair bit set
SN	reads paired:	10430963	# paired-end technology bit set
SN	reads duplicated:	0	# PCR or optical duplicate bit set
SN	reads MQ0:	0	# mapped and MQ=0
SN	reads QC failed:	0
SN	non-primary alignments:	0
SN	total length:	740504497	# ignores clipping
SN	bases mapped:	740504497	# ignores clipping
SN	bases mapped (cigar):	739991650	# more accurate
SN	bases trimmed:	0
SN	bases duplicated:	0
SN	mismatches:	1254790	# from NM fields
SN	error rate:	1.695681e-03	# mismatches / bases mapped (cigar)
SN	average length:	70
SN	maximum length:	119
SN	average quality:	36.5
SN	insert size average:	111.7
SN	insert size standard deviation:	67.2
SN	inward oriented pairs:	18806
SN	outward oriented pairs:	0
SN	pairs with other orientation:	0
SN	pairs on different chromosomes:	0
# First Fragment Qualitites. Use `grep ^FFQ | cut -f 2-` to extract this part.
# Columns correspond to qualities and rows to cycles. First column is the cycle number.
FFQ	1	0	0	2	0	0	0	0	0	0	0	0	28571	0	0	0	0	0	0	0	0	0	0	0	0	0	68637	0	0	0	0	0	0	0	0	0	0	0	5117915	0	0	0	0
FFQ	2	0	0	1647	0	0	0	0	0	0	0	0	37235	0	0	0	0	0	0	0	0	0	0	0	0	0	87369	0	0	0	0	0	0	0	0	0	0	0	5088874	0	0	0	0
FFQ	3	0	0	0	0	0	0	0	0	0	0	0	32371	0	0	0	0	0	0	0	0	0	0	0	0	0	73153	0	0	0	0	0	0	0	0	0	0	0	5109601	0	0	0	0
FFQ	4	0	0	0	0	0	0	0	0	0	0	0	30575	0	0	0	0	0	0	0	0	0	0	0	0	0	76272	0	0	0	0	0	0	0	0	0	0	0	5108278	0	0	0	0
FFQ	5	0	0	0	0	0	0	0	0	0	0	0	32018	0	0	0	0	0	0	0	0	0	0	0	0	0	87798	0	0	0	0	0	0	0	0	0	0	0	5095309	0	0	0	0
FFQ	6	0	0	40	0	0	0	0	0	0	0	0	30567	0	0	0	0	0	0	0	0	0	0	0	0	0	84561	0	0	0	0	0	0	0	0	0	0	0	5099957	0	0	0	0
FFQ	7	0	0	0	0	0	0	0	0	0	0	0	29415	0	0	0	0	0	0	0	0	0	0	0	0	0	83329	0	0	0	0	0	0	0	0	0	0	0	5102381	0	0	0	0
FFQ	8	0	0	212	0	0	0	0	0	0	0	0	29596	0	0	0	0	0	0	0	0	0	0	0	0	0	81968	0	0	0	0	0	0	0	0	0	0	0	5103349	0	0	0	0
FFQ	9	0	0	0	0	0	0	0	0	0	0	0	30374	0	0	0	0	0	0	0	0	0	0	0	0	0	84113	0	0	0	0	0	0	0	0	0	0	0	5100638	0	0	0	0
FFQ	10	0	0	0	0	0	0	0	0	0	0	0	29836	0	0	0	0	0	0	0	0	0	0	0	0	0	85723	0	0	0	0	0	0	0	0	0	0	0	5099566	0	0	0	0
FFQ	11	0	0	4	0	0	0	0	0	0	0	0	30694	0	0	0	0	0	0	0	0	0	0	0	0	0	86522	0	0	0	0	0	0	0	0	0	0	0	5097905	0	0	0	0
FFQ	12	0	0	0	0	0	0	0	0	0	0	0	31477	0	0	0	0	0	0	0	0	0	0	0	0	0	90777	0	0	0	0	0	0	0	0	0	0	0	5092871	0	0	0	0
FFQ	13	0	0	0	0	0	0	0	0	0	0	0	31661	0	0	0	0	0	0	0	0	0	0	0	0	0	91457	0	0	0	0	0	0	0	0	0	0	0	5092007	0	0	0	0
FFQ	14	0	0	106	0	0	0	0	0	0	0	0	33027	0	0	0	0	0	0	0	0	0	0	0	0	0	95040	0	0	0	0	0	0	0	0	0	0	0	5086952	0	0	0	0
FFQ	15	0	0	0	0	0	0	0	0	0	0	0	32273	0	0	0	0	0	0	0	0	0	0	0	0	0	95024	0	0	0	0	0	0	0	0	0	0	0	5087828	0	0	0	0
FFQ	16	0	0	0	0	0	0	0	0	0	0	0	33342	0	0	0	0	0	0	0	0	0	0	0	0	0	95369	0	0	0	0	0	0	0	0	0	0	0	5086414	0	0	0	0
FFQ	17	0	0	13	0	0	0	0	0	0	0	0	33523	0	0	0	0	0	0	0	0	0	0	0	0	0	97075	0	0	0	0	0	0	0	0	0	0	0	5084514	0	0	0	0
FFQ	18	0	0	0	0	0	0	0	0	0	0	0	34115	0	0	0	0	0	0	0	0	0	0	0	0	0	98644	0	0	0	0	0	0	0	0	0	0	0	5082366	0	0	0	0
FFQ	19	0	0	0	0	0	0	0	0	0	0	0	34655	0	0	0	0	0	0	0	0	0	0	0	0	0	100878	0	0	0	0	0	0	0	0	0	0	0	5079592	0	0	0	0
FFQ	20	0	0	0	0	0	0	0	0	0	0	0	34918	0	0	0	0	0	0	0	0	0	0	0	0	0	101247	0	0	0	0	0	0	0	0	0	0	0	5078960	0	0	0	0
FFQ	21	0	0	0	0	0	0	0	0	0	0	0	35274	0	0	0	0	0	0	0	0	0	0	0	0	0	102026	0	0	0	0	0	0	0	0	0	0	0	5077825	0	0	0	0
FFQ	22	0	0	0	0	0	0	0	0	0	0	0	36127	0	0	0	0	0	0	0	0	0	0	0	0	0	104228	0	0	0	0	0	0	0	0	0	0	0	5074770	0	0	0	0
FFQ	23	0	0	184	0	0	0	0	0	0	0	0	37726	0	0	0	0	0	0	0	0	0	0	0	0	0	106904	0	0	0	0	0	0	0	0	0	0	0	5062319	0	0	0	0
FFQ	24	0	0	10	0	0	0	0	0	0	0	0	38296	0	0	0	0	0	0	0	0	0	0	0	0	0	109403	0	0	0	0	0	0	0	0	0	0	0	5051120	0	0	0	0
FFQ	25	0	0	0	0	0	0	0	0	0	0	0	39970	0	0	0	0	0	0	0	0	0	0	0	0	0	110750	0	0	0	0	0	0	0	0	0	0	0	5037789	0	0	0	0
FFQ	26	0	0	0	0	0	0	0	0	0	0	0	42911	0	0	0	0	0	0	0	0	0	0	0	0	0	112340	0	0	0	0	0	0	0	0	0	0	0	5020394	0	0	0	0
FFQ	27	0	0	0	0	0	0	0	0	0	0	0	42830	0	0	0	0	0	0	0	0	0	0	0	0	0	112229	0	0	0	0	0	0	0	0	0	0	0	5005590	0	0	0	0
FFQ	28	0	0	4	0	0	0	0	0	0	0	0	42853	0	0	0	0	0	0	0	0	0	0	0	0	0	112116	0	0	0	0	0	0	0	0	0	0	0	4988780	0	0	0	0
FFQ	29	0	0	0	0	0	0	0	0	0	0	0	43551	0	0	0	0	0	0	0	0	0	0	0	0	0	113297	0	0	0	0	0	0	0	0	0	0	0	4968443	0	0	0	0
FFQ	30	0	0	1	0	0	0	0	0	0	0	0	44257	0	0	0	0	0	0	0	0	0	0	0	0	0	114548	0	0	0	0	0	0	0	0	0	0	0	4945980	0	0	0	0
FFQ	31	0	0	0	0	0	0	0	0	0	0	0	46018	0	0	0	0	0	0	0	0	0	0	0	0	0	114894	0	0	0	0	0	0	0	0	0	0	0	4920582	0	0	0	0
FFQ	32	0	0	6	0	0	0	0	0	0	0	0	46899	0	0	0	0	0	0	0	0	0	0	0	0	0	116920	0	0	0	0	0	0	0	0	0	0	0	4891497	0	0	0	0
FFQ	33	0	0	1	0	0	0	0	0	0	0	0	45330	0	0	0	0	0	0	0	0	0	0	0	0	0	115360	0	0	0	0	0	0	0	0	0	0	0	4865018	0	0	0	0
FFQ	34	0	0	1	0	0	0	0	0	0	0	0	45587	0	0	0	0	0	0	0	0	0	0	0	0	0	113349	0	0	0	0	0	0	0	0	0	0	0	4833305	0	0	0	0
FFQ	35	0	0	0	0	0	0	0	0	0	0	0	45872	0	0	0	0	0	0	0	0	0	0	0	0	0	115671	0	0	0	0	0	0	0	0	0	0	0	4794212	0	0	0	0
FFQ	36	0	0	99	0	0	0	0	0	0	0	0	45972	0	0	0	0	0	0	0	0	0	0	0	0	0	114998	0	0	0	0	0	0	0	0	0	0	0	4754886	0	0	0	0
FFQ	37	0	0	48	0	0	0	0	0	0	0	0	46544	0	0	0	0	0	0	0	0	0	0	0	0	0	115610	0	0	0	0	0	0	0	0	0	0	0	4711078	0	0	0	0
FFQ	38	0	0	10	0	0	0	0	0	0	0	0	46430	0	0	0	0	0	0	0	0	0	0	0	0	0	114780	0	0	0	0	0	0	0	0	0	0	0	4666735	0	0	0	0
FFQ	39	0	0	211	0	0	0	0	0	0	0	0	47132	0	0	0	0	0	0	0	0	0	0	0	0	0	116517	0	0	0	0	0	0	0	0	0	0	0	4616548	0	0	0	0
FFQ	40	0	0	0	0	0	0	0	0	0	0	0	46363	0	0	0	0	0	0	0	0	0	0	0	0	0	114701	0	0	0	0	0	0	0	0	0	0	0	4568930	0	0	0	0
FFQ	41	0	0	133	0	0	0	0	0	0	0	0	46029	0	0	0	0	0	0	0	0	0	0	0	0	0	113372	0	0	0	0	0	0	0	0	0	0	0	4518524	0	0	0	0
FFQ	42	0	0	0	0	0	0	0	0	0	0	0	46141	0	0	0	0	0	0	0	0	0	0	0	0	0	112464	0	0	0	0	0	0	0	0	0	0	0	4465027	0	0	0	0
FFQ	43	0	0	4	0	0	0	0	0	0	0	0	46371	0	0	0	0	0	0	0	0	0	0	0	0	0	110562	0	0	0	0	0	0	0	0	0	0	0	4409568	0	0	0	0
FFQ	44	0	0	0	0	0	0	0	0	0	0	0	45529	0	0	0	0	0	0	0	0	0	0	0	0	0	110420	0	0	0	0	0	0	0	0	0	0	0	4350856	0	0	0	0
FFQ	45	0	0	4	0	0	0	0	0	0	0	0	46774	0	0	0	0	0	0	0	0	0	0	0	0	0	110627	0	0	0	0	0	0	0	0	0	0	0	4288042	0	0	0	0
FFQ	46	0	0	0	0	0	0	0	0	0	0	0	45743	0	0	0	0	0	0	0	0	0	0	0	0	0	111213	0	0	0	0	0	0	0	0	0	0	0	4224137	0	0	0	0
FFQ	47	0	0	0	0	0	0	0	0	0	0	0	44208	0	0	0	0	0	0	0	0	0	0	0	0	0	108053	0	0	0	0	0	0	0	0	0	0	0	4163157	0	0	0	0
FFQ	48	0	0	0	0	0	0	0	0	0	0	0	44857	0	0	0	0	0	0	0	0	0	0	0	0	0	107752	0	0	0	0	0	0	0	0	0	0	0	4095552	0	0	0	0
FFQ	49	0	0	0	0	0	0	0	0	0	0	0	45334	0	0	0	0	0	0	0	0	0	0	0	0	0	107687	0	0	0	0	0	0	0	0	0	0	0	4026003	0	0	0	0
FFQ	50	0	0	4	0	0	0	0	0	0	0	0	44032	0	0	0	0	0	0	0	0	0	0	0	0	0	105187	0	0	0	0	0	0	0	0	0	0	0	3959303	0	0	0	0
FFQ	51	0	0	0	0	0	0	0	0	0	0	0	44739	0	0	0	0	0	0	0	0	0	0	0	0	0	105768	0	0	0	0	0	0	0	0	0	0	0	3886859	0	0	0	0
FFQ	52	0	0	0	0	0	0	0	0	0	0	0	44490	0	0	0	0	0	0	0	0	0	0	0	0	0	104347	0	0	0	0	0	0	0	0	0	0	0	3816374	0	0	0	0
FFQ	53	0	0	1	0	0	0	0	0	0	0	0	43438	0	0	0	0	0	0	0	0	0	0	0	0	0	102831	0	0	0	0	0	0	0	0	0	0	0	3744922	0	0	0	0
FFQ	54	0	0	0	0	0	0	0	0	0	0	0	42435	0	0	0	0	0	0	0	0	0	0	0	0	0	100817	0	0	0	0	0	0	0	0	0	0	0	3672897	0	0	0	0
FFQ	55	0	0	0	0	0	0	0	0	0	0	0	43361	0	0	0	0	0	0	0	0	0	0	0	0	0	100785	0	0	0	0	0	0	0	0	0	0	0	3594580	0	0	0	0
FFQ	56	0	0	0	0	0	0	0	0	0	0	0	42714	0	0	0	0	0	0	0	0	0	0	0	0	0	100028	0	0	0	0	0	0	0	0	0	0	0	3516781	0	0	0	0
FFQ	57	0	0	0	0	0	0	0	0	0	0	0	42994	0	0	0	0	0	0	0	0	0	0	0	0	0	99696	0	0	0	0	0	0	0	0	0	0	0	3437769	0	0	0	0
FFQ	58	0	0	0	0	0	0	0	0	0	0	0	41918	0	0	0	0	0	0	0	0	0	0	0	0	0	98334	0	0	0	0	0	0	0	0	0	0	0	3360965	0	0	0	0
FFQ	59	0	0	0	0	0	0	0	0	0	0	0	41894	0	0	0	0	0	0	0	0	0	0	0	0	0	97116	0	0	0	0	0	0	0	0	0	0	0	3282701	0	0	0	0
FFQ	60	0	0	0	0	0	0	0	0	0	0	0	41126	0	0	0	0	0	0	0	0	0	0	0	0	0	94666	0	0	0	0	0	0	0	0	0	0	0	3205465	0	0	0	0
FFQ	61	0	0	1	0	0	0	0	0	0	0	0	41118	0	0	0	0	0	0	0	0	0	0	0	0	0	94406	0	0	0	0	0	0	0	0	0	0	0	3124601	0	0	0	0
FFQ	62	0	0	0	0	0	0	0	0	0	0	0	40023	0	0	0	0	0	0	0	0	0	0	0	0	0	91746	0	0	0	0	0	0	0	0	0	0	0	3050062	0	0	0	0
FFQ	63	0	0	0	0	0	0	0	0	0	0	0	39456	0	0	0	0	0	0	0	0	0	0	0	0	0	90550	0	0	0	0	0	0	0	0	0	0	0	2975027	0	0	0	0
FFQ	64	0	0	18	0	0	0	0	0	0	0	0	39482	0	0	0	0	0	0	0	0	0	0	0	0	0	89958	0	0	0	0	0	0	0	0	0	0	0	2898399	0	0	0	0
FFQ	65	0	0	0	0	0	0	0	0	0	0	0	38374	0	0	0	0	0	0	0	0	0	0	0	0	0	87294	0	0	0	0	0	0	0	0	0	0	0	2824964	0	0	0	0
FFQ	66	0	0	0	0	0	0	0	0	0	0	0	37774	0	0	0	0	0	0	0	0	0	0	0	0	0	86040	0	0	0	0	0	0	0	0	0	0	0	2749870	0	0	0	0
FFQ	67	0	0	0	0	0	0	0	0	0	0	0	36759	0	0	0	0	0	0	0	0	0	0	0	0	0	84628	0	0	0	0	0	0	0	0	0	0	0	2675865	0	0	0	0
FFQ	68	0	0	0	0	0	0	0	0	0	0	0	36328	0	0	0	0	0	0	0	0	0	0	0	0	0	83160	0	0	0	0	0	0	0	0	0	0	0	2602680	0	0	0	0
FFQ	69	0	0	0	0	0	0	0	0	0	0	0	35816	0	0	0	0	0	0	0	0	0	0	0	0	0	81032	0	0	0	0	0	0	0	0	0	0	0	2530891	0	0	0	0
FFQ	70	0	0	0	0	0	0	0	0	0	0	0	34404	0	0	0	0	0	0	0	0	0	0	0	0	0	78558	0	0	0	0	0	0	0	0	0	0	0	2460913	0	0	0	0
FFQ	71	0	0	0	0	0	0	0	0	0	0	0	34056	0	0	0	0	0	0	0	0	0	0	0	0	0	77271	0	0	0	0	0	0	0	0	0	0	0	2390797	0	0	0	0
FFQ	72	0	0	0	0	0	0	0	0	0	0	0	32982	0	0	0	0	0	0	0	0	0	0	0	0	0	75591	0	0	0	0	0	0	0	0	0	0	0	2323011	0	0	0	0
FFQ	73	0	0	0	0	0	0	0	0	0	0	0	32355	0	0	0	0	0	0	0	0	0	0	0	0	0	74167	0	0	0	0	0	0	0	0	0	0	0	2255059	0	0	0	0
FFQ	74	0	0	0	0	0	0	0	0	0	0	0	32286	0	0	0	0	0	0	0	0	0	0	0	0	0	72900	0	0	0	0	0	0	0	0	0	0	0	2187984	0	0	0	0
FFQ	75	0	0	0	0	0	0	0	0	0	0	0	31429	0	0	0	0	0	0	0	0	0	0	0	0	0	70664	0	0	0	0	0	0	0	0	0	0	0	2123368	0	0	0	0
FFQ	76	0	0	0	0	0	0	0	0	0	0	0	30134	0	0	0	0	0	0	0	0	0	0	0	0	0	68140	0	0	0	0	0	0	0	0	0	0	0	2060497	0	0	0	0
FFQ	77	0	0	0	0	0	0	0	0	0	0	0	30632	0	0	0	0	0	0	0	0	0	0	0	0	0	68975	0	0	0	0	0	0	0	0	0	0	0	1993179	0	0	0	0
FFQ	78	0	0	0	0	0	0	0	0	0	0	0	30846	0	0	0	0	0	0	0	0	0	0	0	0	0	68874	0	0	0	0	0	0	0	0	0	0	0	1928594	0	0	0	0
FFQ	79	0	0	0	0	0	0	0	0	0	0	0	28517	0	0	0	0	0	0	0	0	0	0	0	0	0	64523	0	0	0	0	0	0	0	0	0	0	0	1870335	0	0	0	0
FFQ	80	0	0	0	0	0	0	0	0	0	0	0	27791	0	0	0	0	0	0	0	0	0	0	0	0	0	62532	0	0	0	0	0	0	0	0	0	0	0	1808009	0	0	0	0
FFQ	81	0	0	0	0	0	0	0	0	0	0	0	27568	0	0	0	0	0	0	0	0	0	0	0	0	0	60768	0	0	0	0	0	0	0	0	0	0	0	1745866	0	0	0	0
FFQ	82	0	0	0	0	0	0	0	0	0	0	0	26773	0	0	0	0	0	0	0	0	0	0	0	0	0	58728	0	0	0	0	0	0	0	0	0	0	0	1686130	0	0	0	0
FFQ	83	0	0	0	0	0	0	0	0	0	0	0	25873	0	0	0	0	0	0	0	0	0	0	0	0	0	56239	0	0	0	0	0	0	0	0	0	0	0	1628792	0	0	0	0
FFQ	84	0	0	0	0	0	0	0	0	0	0	0	24497	0	0	0	0	0	0	0	0	0	0	0	0	0	53256	0	0	0	0	0	0	0	0	0	0	0	1573073	0	0	0	0
FFQ	85	0	0	0	0	0	0	0	0	0	0	0	23786	0	0	0	0	0	0	0	0	0	0	0	0	0	51673	0	0	0	0	0	0	0	0	0	0	0	1515702	0	0	0	0
FFQ	86	0	0	0	0	0	0	0	0	0	0	0	23184	0	0	0	0	0	0	0	0	0	0	0	0	0	50252	0	0	0	0	0	0	0	0	0	0	0	1459334	0	0	0	0
FFQ	87	0	0	0	0	0	0	0	0	0	0	0	22464	0	0	0	0	0	0	0	0	0	0	0	0	0	48612	0	0	0	0	0	0	0	0	0	0	0	1403912	0	0	0	0
FFQ	88	0	0	1	0	0	0	0	0	0	0	0	21964	0	0	0	0	0	0	0	0	0	0	0	0	0	46955	0	0	0	0	0	0	0	0	0	0	0	1348767	0	0	0	0
FFQ	89	0	0	41	0	0	0	0	0	0	0	0	20998	0	0	0	0	0	0	0	0	0	0	0	0	0	44926	0	0	0	0	0	0	0	0	0	0	0	1293676	0	0	0	0
FFQ	90	0	0	0	0	0	0	0	0	0	0	0	19848	0	0	0	0	0	0	0	0	0	0	0	0	0	42433	0	0	0	0	0	0	0	0	0	0	0	1237796	0	0	0	0
FFQ	91	0	0	1	0	0	0	0	0	0	0	0	18952	0	0	0	0	0	0	0	0	0	0	0	0	0	40804	0	0	0	0	0	0	0	0	0	0	0	1181442	0	0	0	0
FFQ	92	0	0	0	0	0	0	0	0	0	0	0	18638	0	0	0	0	0	0	0	0	0	0	0	0	0	39293	0	0	0	0	0	0	0	0	0	0	0	1127697	0	0	0	0
FFQ	93	0	0	0	0	0	0	0	0	0	0	0	18695	0	0	0	0	0	0	0	0	0	0	0	0	0	39731	0	0	0	0	0	0	0	0	0	0	0	1074610	0	0	0	0
FFQ	94	0	0	0	0	0	0	0	0	0	0	0	18067	0	0	0	0	0	0	0	0	0	0	0	0	0	38030	0	0	0	0	0	0	0	0	0	0	0	1025803	0	0	0	0
FFQ	95	0	0	0	0	0	0	0	0	0	0	0	16911	0	0	0	0	0	0	0	0	0	0	0	0	0	34963	0	0	0	0	0	0	0	0	0	0	0	980181	0	0	0	0
FFQ	96	0	0	0	0	0	0	0	0	0	0	0	16524	0	0	0	0	0	0	0	0	0	0	0	0	0	34013	0	0	0	0	0	0	0	0	0	0	0	932978	0	0	0	0
FFQ	97	0	0	0	0	0	0	0	0	0	0	0	15846	0	0	0	0	0	0	0	0	0	0	0	0	0	32480	0	0	0	0	0	0	0	0	0	0	0	887392	0	0	0	0
FFQ	98	0	0	0	0	0	0	0	0	0	0	0	14557	0	0	0	0	0	0	0	0	0	0	0	0	0	30148	0	0	0	0	0	0	0	0	0	0	0	844389	0	0	0	0
FFQ	99	0	0	0	0	0	0	0	0	0	0	0	13989	0	0	0	0	0	0	0	0	0	0	0	0	0	28299	0	0	0	0	0	0	0	0	0	0	0	800755	0	0	0	0
FFQ	100	0	0	0	0	0	0	0	0	0	0	0	13360	0	0	0	0	0	0	0	0	0	0	0	0	0	26860	0	0	0	0	0	0	0	0	0	0	0	756925	0	0	0	0
FFQ	101	0	0	0	0	0	0	0	0	0	0	0	12571	0	0	0	0	0	0	0	0	0	0	0	0	0	25331	0	0	0	0	0	0	0	0	0	0	0	713450	0	0	0	0
FFQ	102	0	0	0	0	0	0	0	0	0	0	0	11604	0	0	0	0	0	0	0	0	0	0	0	0	0	23675	0	0	0	0	0	0	0	0	0	0	0	670459	0	0	0	0
FFQ	103	0	0	0	0	0	0	0	0	0	0	0	10995	0	0	0	0	0	0	0	0	0	0	0	0	0	22122	0	0	0	0	0	0	0	0	0	0	0	627084	0	0	0	0
FFQ	104	0	0	0	0	0	0	0	0	0	0	0	10188	0	0	0	0	0	0	0	0	0	0	0	0	0	20235	0	0	0	0	0	0	0	0	0	0	0	584793	0	0	0	0
FFQ	105	0	0	0	0	0	0	0	0	0	0	0	9899	0	0	0	0	0	0	0	0	0	0	0	0	0	19135	0	0	0	0	0	0	0	0	0	0	0	542711	0	0	0	0
FFQ	106	0	0	0	0	0	0	0	0	0	0	0	9190	0	0	0	0	0	0	0	0	0	0	0	0	0	18465	0	0	0	0	0	0	0	0	0	0	0	501678	0	0	0	0
FFQ	107	0	0	0	0	0	0	0	0	0	0	0	8714	0	0	0	0	0	0	0	0	0	0	0	0	0	17337	0	0	0	0	0	0	0	0	0	0	0	461160	0	0	0	0
FFQ	108	0	0	0	0	0	0	0	0	0	0	0	7827	0	0	0	0	0	0	0	0	0	0	0	0	0	15459	0	0	0	0	0	0	0	0	0	0	0	422175	0	0	0	0
FFQ	109	0	0	0	0	0	0	0	0	0	0	0	6975	0	0	0	0	0	0	0	0	0	0	0	0	0	13651	0	0	0	0	0	0	0	0	0	0	0	382637	0	0	0	0
FFQ	110	0	0	0	0	0	0	0	0	0	0	0	6321	0	0	0	0	0	0	0	0	0	0	0	0	0	12406	0	0	0	0	0	0	0	0	0	0	0	342360	0	0	0	0
FFQ	111	0	0	0	0	0	0	0	0	0	0	0	5456	0	0	0	0	0	0	0	0	0	0	0	0	0	10813	0	0	0	0	0	0	0	0	0	0	0	303491	0	0	0	0
FFQ	112	0	0	0	0	0	0	0	0	0	0	0	4713	0	0	0	0	0	0	0	0	0	0	0	0	0	9414	0	0	0	0	0	0	0	0	0	0	0	265759	0	0	0	0
FFQ	113	0	0	0	0	0	0	0	0	0	0	0	4348	0	0	0	0	0	0	0	0	0	0	0	0	0	8498	0	0	0	0	0	0	0	0	0	0	0	228764	0	0	0	0
FFQ	114	0	0	1	0	0	0	0	0	0	0	0	3864	0	0	0	0	0	0	0	0	0	0	0	0	0	7277	0	0	0	0	0	0	0	0	0	0	0	193351	0	0	0	0
FFQ	115	0	0	0	0	0	0	0	0	0	0	0	3029	0	0	0	0	0	0	0	0	0	0	0	0	0	5833	0	0	0	0	0	0	0	0	0	0	0	159478	0	0	0	0
FFQ	116	0	0	0	0	0	0	0	0	0	0	0	2486	0	0	0	0	0	0	0	0	0	0	0	0	0	4752	0	0	0	0	0	0	0	0	0	0	0	126515	0	0	0	0
FFQ	117	0	0	0	0	0	0	0	0	0	0	0	1846	0	0	0	0	0	0	0	0	0	0	0	0	0	3601	0	0	0	0	0	0	0	0	0	0	0	94322	0	0	0	0
FFQ	118	0	0	0	0	0	0	0	0	0	0	0	1261	0	0	0	0	0	0	0	0	0	0	0	0	0	2410	0	0	0	0	0	0	0	0	0	0	0	62317	0	0	0	0
FFQ	119	0	0	0	0	0	0	0	0	0	0	0	537	0	0	0	0	0	0	0	0	0	0	0	0	0	1052	0	0	0	0	0	0	0	0	0	0	0	31119	0	0	0	0
FFQ	120	0	0	0	0	0	0	0	0	0	0	0	0	0	0	0	0	0	0	0	0	0	0	0	0	0	0	0	0	0	0	0	0	0	0	0	0	0	0	0	0	0	0
# Last Fragment Qualitites. Use `grep ^LFQ | cut -f 2-` to extract this part.
# Columns correspond to qualities and rows to cycles. First column is the cycle number.
LFQ	1	0	0	4	0	0	0	0	0	0	0	0	20778	0	0	0	0	0	0	0	0	0	0	0	0	0	69914	0	0	0	0	0	0	0	0	0	0	0	5125142	0	0	0	0
LFQ	2	0	0	0	0	0	0	0	0	0	0	0	21958	0	0	0	0	0	0	0	0	0	0	0	0	0	68485	0	0	0	0	0	0	0	0	0	0	0	5125395	0	0	0	0
LFQ	3	0	0	94	0	0	0	0	0	0	0	0	23575	0	0	0	0	0	0	0	0	0	0	0	0	0	74772	0	0	0	0	0	0	0	0	0	0	0	5117397	0	0	0	0
LFQ	4	0	0	0	0	0	0	0	0	0	0	0	24620	0	0	0	0	0	0	0	0	0	0	0	0	0	76786	0	0	0	0	0	0	0	0	0	0	0	5114432	0	0	0	0
LFQ	5	0	0	34	0	0	0	0	0	0	0	0	27701	0	0	0	0	0	0	0	0	0	0	0	0	0	86604	0	0	0	0	0	0	0	0	0	0	0	5101499	0	0	0	0
LFQ	6	0	0	3	0	0	0	0	0	0	0	0	25823	0	0	0	0	0	0	0	0	0	0	0	0	0	82321	0	0	0	0	0	0	0	0	0	0	0	5107691	0	0	0	0
LFQ	7	0	0	0	0	0	0	0	0	0	0	0	27451	0	0	0	0	0	0	0	0	0	0	0	0	0	86033	0	0	0	0	0	0	0	0	0	0	0	5102354	0	0	0	0
LFQ	8	0	0	0	0	0	0	0	0	0	0	0	25666	0	0	0	0	0	0	0	0	0	0	0	0	0	82086	0	0	0	0	0	0	0	0	0	0	0	5108086	0	0	0	0
LFQ	9	0	0	0	0	0	0	0	0	0	0	0	23856	0	0	0	0	0	0	0	0	0	0	0	0	0	79262	0	0	0	0	0	0	0	0	0	0	0	5112720	0	0	0	0
LFQ	10	0	0	0	0	0	0	0	0	0	0	0	24856	0	0	0	0	0	0	0	0	0	0	0	0	0	81969	0	0	0	0	0	0	0	0	0	0	0	5109013	0	0	0	0
LFQ	11	0	0	87	0	0	0	0	0	0	0	0	23602	0	0	0	0	0	0	0	0	0	0	0	0	0	78113	0	0	0	0	0	0	0	0	0	0	0	5114036	0	0	0	0
LFQ	12	0	0	0	0	0	0	0	0	0	0	0	25107	0	0	0	0	0	0	0	0	0	0	0	0	0	83617	0	0	0	0	0	0	0	0	0	0	0	5107114	0	0	0	0
LFQ	13	0	0	67	0	0	0	0	0	0	0	0	25219	0	0	0	0	0	0	0	0	0	0	0	0	0	80502	0	0	0	0	0	0	0	0	0	0	0	5110050	0	0	0	0
LFQ	14	0	0	0	0	0	0	0	0	0	0	0	25966	0	0	0	0	0	0	0	0	0	0	0	0	0	83825	0	0	0	0	0	0	0	0	0	0	0	5106047	0	0	0	0
LFQ	15	0	0	0	0	0	0	0	0	0	0	0	24620	0	0	0	0	0	0	0	0	0	0	0	0	0	81915	0	0	0	0	0	0	0	0	0	0	0	5109303	0	0	0	0
LFQ	16	0	0	0	0	0	0	0	0	0	0	0	23868	0	0	0	0	0	0	0	0	0	0	0	0	0	80598	0	0	0	0	0	0	0	0	0	0	0	5111372	0	0	0	0
LFQ	17	0	0	0	0	0	0	0	0	0	0	0	23766	0	0	0	0	0	0	0	0	0	0	0	0	0	80972	0	0	0	0	0	0	0	0	0	0	0	5111100	0	0	0	0
LFQ	18	0	0	0	0	0	0	0	0	0	0	0	26015	0	0	0	0	0	0	0	0	0	0	0	0	0	84392	0	0	0	0	0	0	0	0	0	0	0	5105431	0	0	0	0
LFQ	19	0	0	23	0	0	0	0	0	0	0	0	27654	0	0	0	0	0	0	0	0	0	0	0	0	0	87614	0	0	0	0	0	0	0	0	0	0	0	5100547	0	0	0	0
LFQ	20	0	0	0	0	0	0	0	0	0	0	0	26840	0	0	0	0	0	0	0	0	0	0	0	0	0	85323	0	0	0	0	0	0	0	0	0	0	0	5103675	0	0	0	0
LFQ	21	0	0	0	0	0	0	0	0	0	0	0	25968	0	0	0	0	0	0	0	0	0	0	0	0	0	84722	0	0	0	0	0	0	0	0	0	0	0	5105148	0	0	0	0
LFQ	22	0	0	1	0	0	0	0	0	0	0	0	27370	0	0	0	0	0	0	0	0	0	0	0	0	0	87333	0	0	0	0	0	0	0	0	0	0	0	5101134	0	0	0	0
LFQ	23	0	0	0	0	0	0	0	0	0	0	0	27571	0	0	0	0	0	0	0	0	0	0	0	0	0	89210	0	0	0	0	0	0	0	0	0	0	0	5091056	0	0	0	0
LFQ	24	0	0	0	0	0	0	0	0	0	0	0	27913	0	0	0	0	0	0	0	0	0	0	0	0	0	91267	0	0	0	0	0	0	0	0	0	0	0	5080346	0	0	0	0
LFQ	25	0	0	25	0	0	0	0	0	0	0	0	30581	0	0	0	0	0	0	0	0	0	0	0	0	0	94241	0	0	0	0	0	0	0	0	0	0	0	5064371	0	0	0	0
LFQ	26	0	0	0	0	0	0	0	0	0	0	0	30003	0	0	0	0	0	0	0	0	0	0	0	0	0	94764	0	0	0	0	0	0	0	0	0	0	0	5051595	0	0	0	0
LFQ	27	0	0	0	0	0	0	0	0	0	0	0	32935	0	0	0	0	0	0	0	0	0	0	0	0	0	99405	0	0	0	0	0	0	0	0	0	0	0	5029028	0	0	0	0
LFQ	28	0	0	12	0	0	0	0	0	0	0	0	34221	0	0	0	0	0	0	0	0	0	0	0	0	0	102094	0	0	0	0	0	0	0	0	0	0	0	5008142	0	0	0	0
LFQ	29	0	0	0	0	0	0	0	0	0	0	0	31236	0	0	0	0	0	0	0	0	0	0	0	0	0	98245	0	0	0	0	0	0	0	0	0	0	0	4996525	0	0	0	0
LFQ	30	0	0	0	0	0	0	0	0	0	0	0	32064	0	0	0	0	0	0	0	0	0	0	0	0	0	99339	0	0	0	0	0	0	0	0	0	0	0	4974098	0	0	0	0
LFQ	31	0	0	22	0	0	0	0	0	0	0	0	34256	0	0	0	0	0	0	0	0	0	0	0	0	0	102676	0	0	0	0	0	0	0	0	0	0	0	4945277	0	0	0	0
LFQ	32	0	0	0	0	0	0	0	0	0	0	0	34983	0	0	0	0	0	0	0	0	0	0	0	0	0	103348	0	0	0	0	0	0	0	0	0	0	0	4917717	0	0	0	0
LFQ	33	0	0	3	0	0	0	0	0	0	0	0	34066	0	0	0	0	0	0	0	0	0	0	0	0	0	103135	0	0	0	0	0	0	0	0	0	0	0	4889244	0	0	0	0
LFQ	34	0	0	0	0	0	0	0	0	0	0	0	32337	0	0	0	0	0	0	0	0	0	0	0	0	0	100320	0	0	0	0	0	0	0	0	0	0	0	4860324	0	0	0	0
LFQ	35	0	0	0	0	0	0	0	0	0	0	0	33658	0	0	0	0	0	0	0	0	0	0	0	0	0	101229	0	0	0	0	0	0	0	0	0	0	0	4821614	0	0	0	0
LFQ	36	0	0	10	0	0	0	0	0	0	0	0	33894	0	0	0	0	0	0	0	0	0	0	0	0	0	102221	0	0	0	0	0	0	0	0	0	0	0	4780584	0	0	0	0
LFQ	37	0	0	30	0	0	0	0	0	0	0	0	33403	0	0	0	0	0	0	0	0	0	0	0	0	0	101851	0	0	0	0	0	0	0	0	0	0	0	4738755	0	0	0	0
LFQ	38	0	0	0	0	0	0	0	0	0	0	0	33533	0	0	0	0	0	0	0	0	0	0	0	0	0	102107	0	0	0	0	0	0	0	0	0	0	0	4693055	0	0	0	0
LFQ	39	0	0	0	0	0	0	0	0	0	0	0	33863	0	0	0	0	0	0	0	0	0	0	0	0	0	101552	0	0	0	0	0	0	0	0	0	0	0	4645740	0	0	0	0
LFQ	40	0	0	0	0	0	0	0	0	0	0	0	35553	0	0	0	0	0	0	0	0	0	0	0	0	0	104204	0	0	0	0	0	0	0	0	0	0	0	4590983	0	0	0	0
LFQ	41	0	0	0	0	0	0	0	0	0	0	0	35250	0	0	0	0	0	0	0	0	0	0	0	0	0	102420	0	0	0	0	0	0	0	0	0	0	0	4541139	0	0	0	0
LFQ	42	0	0	3	0	0	0	0	0	0	0	0	35816	0	0	0	0	0	0	0	0	0	0	0	0	0	103451	0	0	0	0	0	0	0	0	0	0	0	4485117	0	0	0	0
LFQ	43	0	0	5	0	0	0	0	0	0	0	0	35331	0	0	0	0	0	0	0	0	0	0	0	0	0	102031	0	0	0	0	0	0	0	0	0	0	0	4429891	0	0	0	0
LFQ	44	0	0	18	0	0	0	0	0	0	0	0	33414	0	0	0	0	0	0	0	0	0	0	0	0	0	99179	0	0	0	0	0	0	0	0	0	0	0	4374956	0	0	0	0
LFQ	45	0	0	0	0	0	0	0	0	0	0	0	34685	0	0	0	0	0	0	0	0	0	0	0	0	0	99638	0	0	0	0	0	0	0	0	0	0	0	4311862	0	0	0	0
LFQ	46	0	0	0	0	0	0	0	0	0	0	0	34424	0	0	0	0	0	0	0	0	0	0	0	0	0	100260	0	0	0	0	0	0	0	0	0	0	0	4247150	0	0	0	0
LFQ	47	0	0	48	0	0	0	0	0	0	0	0	35216	0	0	0	0	0	0	0	0	0	0	0	0	0	100399	0	0	0	0	0	0	0	0	0	0	0	4180495	0	0	0	0
LFQ	48	0	0	0	0	0	0	0	0	0	0	0	35376	0	0	0	0	0	0	0	0	0	0	0	0	0	101157	0	0	0	0	0	0	0	0	0	0	0	4112377	0	0	0	0
LFQ	49	0	0	51	0	0	0	0	0	0	0	0	35170	0	0	0	0	0	0	0	0	0	0	0	0	0	99860	0	0	0	0	0	0	0	0	0	0	0	4044696	0	0	0	0
LFQ	50	0	0	234	0	0	0	0	0	0	0	0	35387	0	0	0	0	0	0	0	0	0	0	0	0	0	99481	0	0	0	0	0	0	0	0	0	0	0	3974203	0	0	0	0
LFQ	51	0	0	18	0	0	0	0	0	0	0	0	34463	0	0	0	0	0	0	0	0	0	0	0	0	0	98607	0	0	0	0	0	0	0	0	0	0	0	3905057	0	0	0	0
LFQ	52	0	0	0	0	0	0	0	0	0	0	0	35348	0	0	0	0	0	0	0	0	0	0	0	0	0	98992	0	0	0	0	0	0	0	0	0	0	0	3831650	0	0	0	0
LFQ	53	0	0	0	0	0	0	0	0	0	0	0	36940	0	0	0	0	0	0	0	0	0	0	0	0	0	101210	0	0	0	0	0	0	0	0	0	0	0	3753831	0	0	0	0
LFQ	54	0	0	0	0	0	0	0	0	0	0	0	34254	0	0	0	0	0	0	0	0	0	0	0	0	0	97038	0	0	0	0	0	0	0	0	0	0	0	3685636	0	0	0	0
LFQ	55	0	0	0	0	0	0	0	0	0	0	0	35401	0	0	0	0	0	0	0	0	0	0	0	0	0	96761	0	0	0	0	0	0	0	0	0	0	0	3607336	0	0	0	0
LFQ	56	0	0	0	0	0	0	0	0	0	0	0	34669	0	0	0	0	0	0	0	0	0	0	0	0	0	96648	0	0	0	0	0	0	0	0	0	0	0	3528981	0	0	0	0
LFQ	57	0	0	0	0	0	0	0	0	0	0	0	33107	0	0	0	0	0	0	0	0	0	0	0	0	0	93539	0	0	0	0	0	0	0	0	0	0	0	3454601	0	0	0	0
LFQ	58	0	0	5	0	0	0	0	0	0	0	0	33491	0	0	0	0	0	0	0	0	0	0	0	0	0	92393	0	0	0	0	0	0	0	0	0	0	0	3376108	0	0	0	0
LFQ	59	0	0	0	0	0	0	0	0	0	0	0	31538	0	0	0	0	0	0	0	0	0	0	0	0	0	89411	0	0	0	0	0	0	0	0	0	0	0	3301526	0	0	0	0
LFQ	60	0	0	3	0	0	0	0	0	0	0	0	32801	0	0	0	0	0	0	0	0	0	0	0	0	0	87065	0	0	0	0	0	0	0	0	0	0	0	3222171	0	0	0	0
LFQ	61	0	0	0	0	0	0	0	0	0	0	0	32070	0	0	0	0	0	0	0	0	0	0	0	0	0	86684	0	0	0	0	0	0	0	0	0	0	0	3142175	0	0	0	0
LFQ	62	0	0	0	0	0	0	0	0	0	0	0	32943	0	0	0	0	0	0	0	0	0	0	0	0	0	86540	0	0	0	0	0	0	0	0	0	0	0	3063163	0	0	0	0
LFQ	63	0	0	0	0	0	0	0	0	0	0	0	32662	0	0	0	0	0	0	0	0	0	0	0	0	0	87444	0	0	0	0	0	0	0	0	0	0	0	2985742	0	0	0	0
LFQ	64	0	0	2	0	0	0	0	0	0	0	0	30482	0	0	0	0	0	0	0	0	0	0	0	0	0	84668	0	0	0	0	0	0	0	0	0	0	0	2913528	0	0	0	0
LFQ	65	0	0	2	0	0	0	0	0	0	0	0	32137	0	0	0	0	0	0	0	0	0	0	0	0	0	83749	0	0	0	0	0	0	0	0	0	0	0	2835561	0	0	0	0
LFQ	66	0	0	11	0	0	0	0	0	0	0	0	29886	0	0	0	0	0	0	0	0	0	0	0	0	0	81720	0	0	0	0	0	0	0	0	0	0	0	2762889	0	0	0	0
LFQ	67	0	0	1	0	0	0	0	0	0	0	0	30739	0	0	0	0	0	0	0	0	0	0	0	0	0	80353	0	0	0	0	0	0	0	0	0	0	0	2686989	0	0	0	0
LFQ	68	0	0	0	0	0	0	0	0	0	0	0	27868	0	0	0	0	0	0	0	0	0	0	0	0	0	76694	0	0	0	0	0	0	0	0	0	0	0	2618452	0	0	0	0
LFQ	69	0	0	0	0	0	0	0	0	0	0	0	30251	0	0	0	0	0	0	0	0	0	0	0	0	0	77842	0	0	0	0	0	0	0	0	0	0	0	2540501	0	0	0	0
LFQ	70	0	0	1	0	0	0	0	0	0	0	0	27259	0	0	0	0	0	0	0	0	0	0	0	0	0	74967	0	0	0	0	0	0	0	0	0	0	0	2472524	0	0	0	0
LFQ	71	0	0	0	0	0	0	0	0	0	0	0	27194	0	0	0	0	0	0	0	0	0	0	0	0	0	71922	0	0	0	0	0	0	0	0	0	0	0	2403890	0	0	0	0
LFQ	72	0	0	0	0	0	0	0	0	0	0	0	26429	0	0	0	0	0	0	0	0	0	0	0	0	0	70026	0	0	0	0	0	0	0	0	0	0	0	2336001	0	0	0	0
LFQ	73	0	0	162	0	0	0	0	0	0	0	0	25615	0	0	0	0	0	0	0	0	0	0	0	0	0	69288	0	0	0	0	0	0	0	0	0	0	0	2267411	0	0	0	0
LFQ	74	0	0	0	0	0	0	0	0	0	0	0	27300	0	0	0	0	0	0	0	0	0	0	0	0	0	70953	0	0	0	0	0	0	0	0	0	0	0	2195799	0	0	0	0
LFQ	75	0	0	0	0	0	0	0	0	0	0	0	26529	0	0	0	0	0	0	0	0	0	0	0	0	0	68371	0	0	0	0	0	0	0	0	0	0	0	2131417	0	0	0	0
LFQ	76	0	0	0	0	0	0	0	0	0	0	0	25170	0	0	0	0	0	0	0	0	0	0	0	0	0	64345	0	0	0	0	0	0	0	0	0	0	0	2070069	0	0	0	0
LFQ	77	0	0	0	0	0	0	0	0	0	0	0	24731	0	0	0	0	0	0	0	0	0	0	0	0	0	63883	0	0	0	0	0	0	0	0	0	0	0	2004944	0	0	0	0
LFQ	78	0	0	2	0	0	0	0	0	0	0	0	25898	0	0	0	0	0	0	0	0	0	0	0	0	0	66045	0	0	0	0	0	0	0	0	0	0	0	1937117	0	0	0	0
LFQ	79	0	0	259	0	0	0	0	0	0	0	0	25834	0	0	0	0	0	0	0	0	0	0	0	0	0	64863	0	0	0	0	0	0	0	0	0	0	0	1873125	0	0	0	0
LFQ	80	0	0	0	0	0	0	0	0	0	0	0	23859	0	0	0	0	0	0	0	0	0	0	0	0	0	60087	0	0	0	0	0	0	0	0	0	0	0	1815054	0	0	0	0
LFQ	81	0	0	2	0	0	0	0	0	0	0	0	24409	0	0	0	0	0	0	0	0	0	0	0	0	0	61681	0	0	0	0	0	0	0	0	0	0	0	1748800	0	0	0	0
LFQ	82	0	0	3	0	0	0	0	0	0	0	0	23634	0	0	0	0	0	0	0	0	0	0	0	0	0	59369	0	0	0	0	0	0	0	0	0	0	0	1689348	0	0	0	0
LFQ	83	0	0	0	0	0	0	0	0	0	0	0	21145	0	0	0	0	0	0	0	0	0	0	0	0	0	54436	0	0	0	0	0	0	0	0	0	0	0	1635993	0	0	0	0
LFQ	84	0	0	51	0	0	0	0	0	0	0	0	22071	0	0	0	0	0	0	0	0	0	0	0	0	0	55339	0	0	0	0	0	0	0	0	0	0	0	1574037	0	0	0	0
LFQ	85	0	0	10	0	0	0	0	0	0	0	0	22844	0	0	0	0	0	0	0	0	0	0	0	0	0	55709	0	0	0	0	0	0	0	0	0	0	0	1513257	0	0	0	0
LFQ	86	0	0	3	0	0	0	0	0	0	0	0	22623	0	0	0	0	0	0	0	0	0	0	0	0	0	53909	0	0	0	0	0	0	0	0	0	0	0	1456851	0	0	0	0
LFQ	87	0	0	0	0	0	0	0	0	0	0	0	20798	0	0	0	0	0	0	0	0	0	0	0	0	0	51626	0	0	0	0	0	0	0	0	0	0	0	1403161	0	0	0	0
LFQ	88	0	0	2	0	0	0	0	0	0	0	0	19423	0	0	0	0	0	0	0	0	0	0	0	0	0	48890	0	0	0	0	0	0	0	0	0	0	0	1349941	0	0	0	0
LFQ	89	0	0	2	0	0	0	0	0	0	0	0	19090	0	0	0	0	0	0	0	0	0	0	0	0	0	46598	0	0	0	0	0	0	0	0	0	0	0	1294458	0	0	0	0
LFQ	90	0	0	0	0	0	0	0	0	0	0	0	18566	0	0	0	0	0	0	0	0	0	0	0	0	0	45697	0	0	0	0	0	0	0	0	0	0	0	1236248	0	0	0	0
LFQ	91	0	0	0	0	0	0	0	0	0	0	0	18911	0	0	0	0	0	0	0	0	0	0	0	0	0	45188	0	0	0	0	0	0	0	0	0	0	0	1177465	0	0	0	0
LFQ	92	0	0	2	0	0	0	0	0	0	0	0	18920	0	0	0	0	0	0	0	0	0	0	0	0	0	45308	0	0	0	0	0	0	0	0	0	0	0	1121705	0	0	0	0
LFQ	93	0	0	0	0	0	0	0	0	0	0	0	19128	0	0	0	0	0	0	0	0	0	0	0	0	0	44500	0	0	0	0	0	0	0	0	0	0	0	1069651	0	0	0	0
LFQ	94	0	0	0	0	0	0	0	0	0	0	0	17972	0	0	0	0	0	0	0	0	0	0	0	0	0	41621	0	0	0	0	0	0	0	0	0	0	0	1022437	0	0	0	0
LFQ	95	0	0	0	0	0	0	0	0	0	0	0	16076	0	0	0	0	0	0	0	0	0	0	0	0	0	38163	0	0	0	0	0	0	0	0	0	0	0	977871	0	0	0	0
LFQ	96	0	0	1	0	0	0	0	0	0	0	0	15382	0	0	0	0	0	0	0	0	0	0	0	0	0	36481	0	0	0	0	0	0	0	0	0	0	0	931659	0	0	0	0
LFQ	97	0	0	0	0	0	0	0	0	0	0	0	14625	0	0	0	0	0	0	0	0	0	0	0	0	0	34828	0	0	0	0	0	0	0	0	0	0	0	886205	0	0	0	0
LFQ	98	0	0	1	0	0	0	0	0	0	0	0	14028	0	0	0	0	0	0	0	0	0	0	0	0	0	33234	0	0	0	0	0	0	0	0	0	0	0	841737	0	0	0	0
LFQ	99	0	0	25	0	0	0	0	0	0	0	0	14269	0	0	0	0	0	0	0	0	0	0	0	0	0	32990	0	0	0	0	0	0	0	0	0	0	0	795647	0	0	0	0
LFQ	100	0	0	0	0	0	0	0	0	0	0	0	13165	0	0	0	0	0	0	0	0	0	0	0	0	0	30787	0	0	0	0	0	0	0	0	0	0	0	753054	0	0	0	0
LFQ	101	0	0	21	0	0	0	0	0	0	0	0	12162	0	0	0	0	0	0	0	0	0	0	0	0	0	28407	0	0	0	0	0	0	0	0	0	0	0	710611	0	0	0	0
LFQ	102	0	0	0	0	0	0	0	0	0	0	0	12109	0	0	0	0	0	0	0	0	0	0	0	0	0	27877	0	0	0	0	0	0	0	0	0	0	0	665595	0	0	0	0
LFQ	103	0	0	8	0	0	0	0	0	0	0	0	12554	0	0	0	0	0	0	0	0	0	0	0	0	0	28283	0	0	0	0	0	0	0	0	0	0	0	619191	0	0	0	0
LFQ	104	0	0	0	0	0	0	0	0	0	0	0	11307	0	0	0	0	0	0	0	0	0	0	0	0	0	25633	0	0	0	0	0	0	0	0	0	0	0	578104	0	0	0	0
LFQ	105	0	0	1	0	0	0	0	0	0	0	0	10502	0	0	0	0	0	0	0	0	0	0	0	0	0	23372	0	0	0	0	0	0	0	0	0	0	0	537672	0	0	0	0
LFQ	106	0	0	2	0	0	0	0	0	0	0	0	9736	0	0	0	0	0	0	0	0	0	0	0	0	0	21604	0	0	0	0	0	0	0	0	0	0	0	497799	0	0	0	0
LFQ	107	0	0	0	0	0	0	0	0	0	0	0	8795	0	0	0	0	0	0	0	0	0	0	0	0	0	19980	0	0	0	0	0	0	0	0	0	0	0	458241	0	0	0	0
LFQ	108	0	0	0	0	0	0	0	0	0	0	0	7633	0	0	0	0	0	0	0	0	0	0	0	0	0	17702	0	0	0	0	0	0	0	0	0	0	0	419950	0	0	0	0
LFQ	109	0	0	0	0	0	0	0	0	0	0	0	6969	0	0	0	0	0	0	0	0	0	0	0	0	0	15874	0	0	0	0	0	0	0	0	0	0	0	380267	0	0	0	0
LFQ	110	0	0	1	0	0	0	0	0	0	0	0	6573	0	0	0	0	0	0	0	0	0	0	0	0	0	14461	0	0	0	0	0	0	0	0	0	0	0	339921	0	0	0	0
LFQ	111	0	0	1	0	0	0	0	0	0	0	0	5838	0	0	0	0	0	0	0	0	0	0	0	0	0	12714	0	0	0	0	0	0	0	0	0	0	0	301044	0	0	0	0
LFQ	112	0	0	1	0	0	0	0	0	0	0	0	5104	0	0	0	0	0	0	0	0	0	0	0	0	0	11304	0	0	0	0	0	0	0	0	0	0	0	263346	0	0	0	0
LFQ	113	0	0	0	0	0	0	0	0	0	0	0	4841	0	0	0	0	0	0	0	0	0	0	0	0	0	10195	0	0	0	0	0	0	0	0	0	0	0	226464	0	0	0	0
LFQ	114	0	0	1	0	0	0	0	0	0	0	0	4018	0	0	0	0	0	0	0	0	0	0	0	0	0	8814	0	0	0	0	0	0	0	0	0	0	0	191540	0	0	0	0
LFQ	115	0	0	2	0	0	0	0	0	0	0	0	3236	0	0	0	0	0	0	0	0	0	0	0	0	0	6908	0	0	0	0	0	0	0	0	0	0	0	158090	0	0	0	0
LFQ	116	0	0	0	0	0	0	0	0	0	0	0	2663	0	0	0	0	0	0	0	0	0	0	0	0	0	5824	0	0	0	0	0	0	0	0	0	0	0	125191	0	0	0	0
LFQ	117	0	0	0	0	0	0	0	0	0	0	0	1954	0	0	0	0	0	0	0	0	0	0	0	0	0	4267	0	0	0	0	0	0	0	0	0	0	0	93524	0	0	0	0
LFQ	118	0	0	0	0	0	0	0	0	0	0	0	1214	0	0	0	0	0	0	0	0	0	0	0	0	0	2750	0	0	0	0	0	0	0	0	0	0	0	62051	0	0	0	0
LFQ	119	0	0	0	0	0	0	0	0	0	0	0	542	0	0	0	0	0	0	0	0	0	0	0	0	0	1199	0	0	0	0	0	0	0	0	0	0	0	30962	0	0	0	0
LFQ	120	0	0	0	0	0	0	0	0	0	0	0	0	0	0	0	0	0	0	0	0	0	0	0	0	0	0	0	0	0	0	0	0	0	0	0	0	0	0	0	0	0	0
# GC Content of first fragments. Use `grep ^GCF | cut -f 2-` to extract this part.
GCF	0.50	44
GCF	1.26	47
GCF	1.76	66
GCF	2.26	100
GCF	2.76	134
GCF	3.27	168
GCF	3.77	209
GCF	4.27	269
GCF	4.77	347
GCF	5.28	447
GCF	5.78	576
GCF	6.28	706
GCF	6.78	837
GCF	7.29	955
GCF	7.79	1051
GCF	8.29	1212
GCF	8.79	1419
GCF	9.30	1852
GCF	9.80	2260
GCF	10.30	2780
GCF	10.80	3161
GCF	11.31	3839
GCF	11.81	4499
GCF	12.31	5606
GCF	12.81	6510
GCF	13.32	7939
GCF	13.82	9548
GCF	14.32	11281
GCF	14.82	13453
GCF	15.33	15908
GCF	15.83	18705
GCF	16.33	21334
GCF	16.83	25834
GCF	17.34	29964
GCF	17.84	35072
GCF	18.34	40341
GCF	18.84	46723
GCF	19.35	53794
GCF	19.85	62623
GCF	20.35	70141
GCF	20.85	78565
GCF	21.36	88051
GCF	21.86	98525
GCF	22.36	109819
GCF	22.86	122179
GCF	23.37	133654
GCF	23.87	146015
GCF	24.37	160264
GCF	24.87	175530
GCF	25.38	186005
GCF	25.88	199602
GCF	26.38	212071
GCF	26.88	226628
GCF	27.39	239044
GCF	27.89	252335
GCF	28.39	264373
GCF	28.89	273423
GCF	29.40	284731
GCF	29.90	293005
GCF	30.40	302837
GCF	30.90	310628
GCF	31.41	317076
GCF	31.91	323384
GCF	32.41	327265
GCF	32.91	330502
GCF	33.42	333197
GCF	33.92	334029
GCF	34.42	334030
GCF	34.92	334330
GCF	35.43	333643
GCF	35.93	331234
GCF	36.43	327751
GCF	36.93	323618
GCF	37.44	318409
GCF	37.94	313613
GCF	38.44	307632
GCF	38.94	300944
GCF	39.45	293536
GCF	39.95	285785
GCF	40.45	277629
GCF	40.95	270030
GCF	41.46	261390
GCF	41.96	253661
GCF	42.46	245362
GCF	42.96	237070
GCF	43.47	228586
GCF	43.97	220660
GCF	44.47	213031
GCF	44.97	204961
GCF	45.48	196083
GCF	45.98	188851
GCF	46.48	181443
GCF	46.98	173808
GCF	47.49	166923
GCF	47.99	159968
GCF	48.49	152913
GCF	48.99	146580
GCF	49.50	143557
GCF	50.00	132317
GCF	50.50	129157
GCF	51.01	123045
GCF	51.51	117832
GCF	52.01	112594
GCF	52.51	108307
GCF	53.02	103551
GCF	53.52	99278
GCF	54.02	95382
GCF	54.52	90993
GCF	55.03	87226
GCF	55.53	83357
GCF	56.03	79412
GCF	56.53	75606
GCF	57.04	71625
GCF	57.54	66962
GCF	58.04	63260
GCF	58.54	59364
GCF	59.05	54883
GCF	59.55	51041
GCF	60.05	47271
GCF	60.55	43441
GCF	61.06	39421
GCF	61.56	35970
GCF	62.06	32638
GCF	62.56	29838
GCF	63.07	27193
GCF	63.57	24493
GCF	64.07	22228
GCF	64.57	20491
GCF	65.08	18653
GCF	65.58	17017
GCF	66.08	15459
GCF	66.58	13577
GCF	67.09	12727
GCF	67.59	11629
GCF	68.09	10460
GCF	68.59	9532
GCF	69.10	8594
GCF	69.60	7628
GCF	70.10	7011
GCF	70.60	6278
GCF	71.11	5846
GCF	71.61	5227
GCF	72.11	4743
GCF	72.61	4264
GCF	73.12	3890
GCF	73.62	3543
GCF	74.12	3149
GCF	74.62	2970
GCF	75.13	2737
GCF	75.63	2496
GCF	76.13	2260
GCF	76.63	2075
GCF	77.14	1902
GCF	77.64	1672
GCF	78.14	1476
GCF	78.64	1388
GCF	79.15	1283
GCF	79.65	1180
GCF	80.15	1072
GCF	80.65	984
GCF	81.16	906
GCF	81.66	788
GCF	82.16	714
GCF	82.66	618
GCF	83.17	554
GCF	83.67	495
GCF	84.17	447
GCF	84.67	408
GCF	85.18	339
GCF	85.68	286
GCF	86.18	244
GCF	86.68	208
GCF	87.19	176
GCF	87.69	135
GCF	88.19	112
GCF	88.69	89
GCF	89.20	72
GCF	89.70	65
GCF	90.20	61
GCF	90.70	53
GCF	91.21	42
GCF	91.71	36
GCF	92.21	28
GCF	92.71	24
GCF	93.22	18
GCF	93.72	16
GCF	94.22	14
GCF	94.72	11
GCF	95.23	13
GCF	95.73	11
GCF	96.48	5
GCF	97.24	6
GCF	98.74	5
# GC Content of last fragments. Use `grep ^GCL | cut -f 2-` to extract this part.
GCL	0.50	48
GCL	1.26	51
GCL	1.76	71
GCL	2.26	105
GCL	2.76	139
GCL	3.27	177
GCL	3.77	212
GCL	4.27	272
GCL	4.77	350
GCL	5.28	465
GCL	5.78	595
GCL	6.28	722
GCL	6.78	856
GCL	7.29	979
GCL	7.79	1069
GCL	8.29	1221
GCL	8.79	1428
GCL	9.30	1859
GCL	9.80	2289
GCL	10.30	2807
GCL	10.80	3185
GCL	11.31	3893
GCL	11.81	4552
GCL	12.31	5644
GCL	12.81	6531
GCL	13.32	7913
GCL	13.82	9561
GCL	14.32	11259
GCL	14.82	13388
GCL	15.33	15848
GCL	15.83	18636
GCL	16.33	21256
GCL	16.83	25763
GCL	17.34	29904
GCL	17.84	34975
GCL	18.34	40297
GCL	18.84	46570
GCL	19.35	53534
GCL	19.85	62448
GCL	20.35	69949
GCL	20.85	78336
GCL	21.36	87697
GCL	21.86	98144
GCL	22.36	109451
GCL	22.86	121761
GCL	23.37	133366
GCL	23.87	145856
GCL	24.37	160075
GCL	24.87	175207
GCL	25.38	185542
GCL	25.88	199057
GCL	26.38	211527
GCL	26.88	226360
GCL	27.39	238811
GCL	27.89	252094
GCL	28.39	263856
GCL	28.89	273050
GCL	29.40	284705
GCL	29.90	293213
GCL	30.40	303215
GCL	30.90	310676
GCL	31.41	316945
GCL	31.91	323069
GCL	32.41	327188
GCL	32.91	330598
GCL	33.42	333350
GCL	33.92	334289
GCL	34.42	334457
GCL	34.92	334628
GCL	35.43	333778
GCL	35.93	331354
GCL	36.43	327998
GCL	36.93	323934
GCL	37.44	318755
GCL	37.94	313787
GCL	38.44	307905
GCL	38.94	301463
GCL	39.45	293955
GCL	39.95	286219
GCL	40.45	278012
GCL	40.95	270335
GCL	41.46	261598
GCL	41.96	253766
GCL	42.46	245425
GCL	42.96	237181
GCL	43.47	228795
GCL	43.97	220888
GCL	44.47	213162
GCL	44.97	205277
GCL	45.48	196275
GCL	45.98	188789
GCL	46.48	181510
GCL	46.98	174216
GCL	47.49	167174
GCL	47.99	160120
GCL	48.49	153095
GCL	48.99	146579
GCL	49.50	143458
GCL	50.00	132343
GCL	50.50	129321
GCL	51.01	123221
GCL	51.51	117908
GCL	52.01	112586
GCL	52.51	108327
GCL	53.02	103671
GCL	53.52	99479
GCL	54.02	95504
GCL	54.52	91099
GCL	55.03	87354
GCL	55.53	83475
GCL	56.03	79452
GCL	56.53	75682
GCL	57.04	71719
GCL	57.54	67095
GCL	58.04	63263
GCL	58.54	59331
GCL	59.05	54814
GCL	59.55	51019
GCL	60.05	47187
GCL	60.55	43376
GCL	61.06	39325
GCL	61.56	35926
GCL	62.06	32614
GCL	62.56	29769
GCL	63.07	27160
GCL	63.57	24449
GCL	64.07	22210
GCL	64.57	20482
GCL	65.08	18635
GCL	65.58	16958
GCL	66.08	15442
GCL	66.58	13587
GCL	67.09	12679
GCL	67.59	11565
GCL	68.09	10455
GCL	68.59	9576
GCL	69.10	8650
GCL	69.60	7679
GCL	70.10	7015
GCL	70.60	6262
GCL	71.11	5828
GCL	71.61	5227
GCL	72.11	4742
GCL	72.61	4280
GCL	73.12	3865
GCL	73.62	3492
GCL	74.12	3129
GCL	74.62	2947
GCL	75.13	2743
GCL	75.63	2488
GCL	76.13	2263
GCL	76.63	2086
GCL	77.14	1903
GCL	77.64	1674
GCL	78.14	1471
GCL	78.64	1385
GCL	79.15	1276
GCL	79.65	1188
GCL	80.15	1067
GCL	80.65	982
GCL	81.16	897
GCL	81.66	781
GCL	82.16	712
GCL	82.66	623
GCL	83.17	558
GCL	83.67	486
GCL	84.17	422
GCL	84.67	379
GCL	85.18	316
GCL	85.68	279
GCL	86.18	252
GCL	86.68	214
GCL	87.19	176
GCL	87.69	149
GCL	88.19	126
GCL	88.69	100
GCL	89.20	77
GCL	89.70	76
GCL	90.20	64
GCL	90.70	49
GCL	91.21	37
GCL	91.71	28
GCL	92.21	19
GCL	92.71	20
GCL	93.22	17
GCL	93.72	15
GCL	94.22	14
GCL	94.72	11
GCL	95.23	10
GCL	95.73	9
GCL	96.23	6
GCL	98.24	5
# ACGT content per cycle. Use `grep ^GCC | cut -f 2-` to extract this part. The columns are: cycle, and A,C,G,T counts [%]
GCC	1	40.94	9.06	9.04	40.96
GCC	2	22.20	27.83	27.71	22.26
GCC	3	28.84	21.24	21.05	28.86
GCC	4	28.53	21.51	21.39	28.57
GCC	5	30.88	19.18	19.08	30.86
GCC	6	31.63	18.43	18.29	31.65
GCC	7	31.76	18.29	18.16	31.79
GCC	8	32.37	17.67	17.56	32.40
GCC	9	32.11	17.92	17.82	32.15
GCC	10	31.57	18.45	18.33	31.64
GCC	11	31.61	18.44	18.29	31.65
GCC	12	31.54	18.51	18.39	31.56
GCC	13	31.63	18.43	18.28	31.67
GCC	14	31.36	18.68	18.57	31.40
GCC	15	31.37	18.69	18.55	31.39
GCC	16	31.14	18.91	18.79	31.16
GCC	17	31.02	19.06	18.90	31.03
GCC	18	30.93	19.16	18.98	30.93
GCC	19	30.96	19.10	18.96	30.98
GCC	20	31.01	19.02	18.93	31.04
GCC	21	31.23	18.82	18.69	31.26
GCC	22	31.33	18.70	18.56	31.41
GCC	23	31.31	18.73	18.61	31.34
GCC	24	31.37	18.72	18.56	31.35
GCC	25	31.40	18.67	18.52	31.41
GCC	26	31.33	18.74	18.62	31.31
GCC	27	31.43	18.63	18.48	31.46
GCC	28	31.30	18.76	18.64	31.31
GCC	29	31.31	18.74	18.60	31.35
GCC	30	31.33	18.72	18.59	31.36
GCC	31	31.40	18.66	18.49	31.45
GCC	32	31.37	18.68	18.55	31.40
GCC	33	31.37	18.67	18.55	31.41
GCC	34	31.43	18.63	18.49	31.45
GCC	35	31.32	18.73	18.60	31.35
GCC	36	31.29	18.78	18.63	31.29
GCC	37	31.21	18.83	18.69	31.27
GCC	38	31.21	18.84	18.75	31.20
GCC	39	31.25	18.78	18.69	31.28
GCC	40	31.24	18.78	18.65	31.32
GCC	41	31.19	18.88	18.77	31.16
GCC	42	31.34	18.73	18.61	31.32
GCC	43	31.27	18.76	18.64	31.32
GCC	44	31.26	18.80	18.69	31.25
GCC	45	31.33	18.68	18.58	31.41
GCC	46	31.17	18.85	18.73	31.24
GCC	47	31.11	18.92	18.82	31.15
GCC	48	31.15	18.92	18.78	31.15
GCC	49	31.01	19.04	18.93	31.02
GCC	50	31.08	18.99	18.84	31.10
GCC	51	31.03	19.03	18.90	31.04
GCC	52	31.08	18.99	18.87	31.06
GCC	53	31.02	18.99	18.89	31.10
GCC	54	31.07	18.97	18.88	31.09
GCC	55	31.06	18.99	18.84	31.12
GCC	56	31.03	19.02	18.92	31.03
GCC	57	31.04	19.03	18.88	31.05
GCC	58	31.00	19.04	18.94	31.02
GCC	59	30.91	19.12	18.99	30.98
GCC	60	30.85	19.22	19.06	30.87
GCC	61	30.91	19.18	19.03	30.89
GCC	62	30.86	19.19	19.08	30.87
GCC	63	30.89	19.14	19.07	30.91
GCC	64	30.92	19.11	19.01	30.96
GCC	65	30.93	19.13	19.00	30.94
GCC	66	30.96	19.10	18.99	30.95
GCC	67	30.81	19.19	19.10	30.90
GCC	68	30.84	19.22	19.11	30.83
GCC	69	30.79	19.26	19.11	30.84
GCC	70	30.71	19.33	19.16	30.80
GCC	71	30.70	19.33	19.21	30.76
GCC	72	30.84	19.24	19.10	30.83
GCC	73	30.86	19.19	19.07	30.89
GCC	74	30.87	19.16	19.07	30.90
GCC	75	30.83	19.24	19.11	30.82
GCC	76	30.80	19.30	19.14	30.76
GCC	77	30.78	19.28	19.16	30.79
GCC	78	30.81	19.25	19.13	30.82
GCC	79	30.79	19.27	19.16	30.79
GCC	80	30.64	19.40	19.28	30.68
GCC	81	30.61	19.43	19.29	30.67
GCC	82	30.69	19.34	19.27	30.71
GCC	83	30.75	19.32	19.20	30.73
GCC	84	30.70	19.36	19.19	30.74
GCC	85	30.72	19.34	19.22	30.73
GCC	86	30.73	19.29	19.19	30.79
GCC	87	30.80	19.25	19.14	30.81
GCC	88	30.70	19.30	19.24	30.76
GCC	89	30.61	19.45	19.32	30.63
GCC	90	30.60	19.48	19.31	30.61
GCC	91	30.54	19.50	19.32	30.64
GCC	92	30.61	19.43	19.27	30.69
GCC	93	30.65	19.42	19.24	30.69
GCC	94	30.65	19.39	19.30	30.66
GCC	95	30.72	19.30	19.25	30.73
GCC	96	30.66	19.39	19.21	30.73
GCC	97	30.67	19.41	19.22	30.70
GCC	98	30.67	19.37	19.31	30.65
GCC	99	30.62	19.39	19.26	30.73
GCC	100	30.58	19.48	19.39	30.55
GCC	101	30.57	19.51	19.39	30.53
GCC	102	30.67	19.44	19.31	30.58
GCC	103	30.68	19.38	19.26	30.67
GCC	104	30.67	19.38	19.28	30.67
GCC	105	30.68	19.36	19.21	30.75
GCC	106	30.75	19.28	19.16	30.80
GCC	107	30.78	19.31	19.14	30.76
GCC	108	30.71	19.32	19.31	30.67
GCC	109	30.64	19.47	19.38	30.50
GCC	110	30.51	19.55	19.46	30.48
GCC	111	30.38	19.67	19.52	30.43
GCC	112	30.37	19.64	19.60	30.40
GCC	113	30.34	19.76	19.62	30.28
GCC	114	30.26	19.72	19.73	30.29
GCC	115	30.00	19.97	19.96	30.07
GCC	116	30.27	19.92	19.75	30.06
GCC	117	30.59	19.43	19.44	30.54
GCC	118	31.17	18.72	18.78	31.33
GCC	119	37.65	12.33	12.29	37.72
# Insert sizes. Use `grep ^IS | cut -f 2-` to extract this part. The columns are: pairs total, inward oriented pairs, outward oriented pairs, other pairs
IS	0	0	0	0	0
IS	1	0	0	0	0
IS	2	0	0	0	0
IS	3	0	0	0	0
IS	4	0	0	0	0
IS	5	0	0	0	0
IS	6	0	0	0	0
IS	7	0	0	0	0
IS	8	0	0	0	0
IS	9	0	0	0	0
IS	10	0	0	0	0
IS	11	0	0	0	0
IS	12	0	0	0	0
IS	13	0	0	0	0
IS	14	0	0	0	0
IS	15	0	0	0	0
IS	16	0	0	0	0
IS	17	0	0	0	0
IS	18	0	0	0	0
IS	19	0	0	0	0
IS	20	0	0	0	0
IS	21	0	0	0	0
IS	22	0	0	0	0
IS	23	0	0	0	0
IS	24	3	3	0	0
IS	25	12	12	0	0
IS	26	12	12	0	0
IS	27	19	19	0	0
IS	28	20	20	0	0
IS	29	18	18	0	0
IS	30	26	26	0	0
IS	31	27	27	0	0
IS	32	40	40	0	0
IS	33	39	39	0	0
IS	34	42	42	0	0
IS	35	35	35	0	0
IS	36	48	48	0	0
IS	37	43	43	0	0
IS	38	48	48	0	0
IS	39	67	67	0	0
IS	40	62	62	0	0
IS	41	46	46	0	0
IS	42	74	74	0	0
IS	43	87	87	0	0
IS	44	72	72	0	0
IS	45	109	109	0	0
IS	46	92	92	0	0
IS	47	101	101	0	0
IS	48	115	115	0	0
IS	49	96	96	0	0
IS	50	101	101	0	0
IS	51	102	102	0	0
IS	52	86	86	0	0
IS	53	101	101	0	0
IS	54	103	103	0	0
IS	55	104	104	0	0
IS	56	145	145	0	0
IS	57	122	122	0	0
IS	58	128	128	0	0
IS	59	137	137	0	0
IS	60	151	151	0	0
IS	61	156	156	0	0
IS	62	170	170	0	0
IS	63	183	183	0	0
IS	64	172	172	0	0
IS	65	145	145	0	0
IS	66	153	153	0	0
IS	67	167	167	0	0
IS	68	158	158	0	0
IS	69	173	173	0	0
IS	70	184	184	0	0
IS	71	153	153	0	0
IS	72	148	148	0	0
IS	73	140	140	0	0
IS	74	154	154	0	0
IS	75	190	190	0	0
IS	76	183	183	0	0
IS	77	181	181	0	0
IS	78	205	205	0	0
IS	79	232	232	0	0
IS	80	221	221	0	0
IS	81	226	226	0	0
IS	82	218	218	0	0
IS	83	188	188	0	0
IS	84	247	247	0	0
IS	85	236	236	0	0
IS	86	240	240	0	0
IS	87	229	229	0	0
IS	88	217	217	0	0
IS	89	216	216	0	0
IS	90	216	216	0	0
IS	91	228	228	0	0
IS	92	217	217	0	0
IS	93	223	223	0	0
IS	94	217	217	0	0
IS	95	205	205	0	0
IS	96	212	212	0	0
IS	97	219	219	0	0
IS	98	201	201	0	0
IS	99	247	247	0	0
IS	100	235	235	0	0
IS	101	226	226	0	0
IS	102	238	238	0	0
IS	103	209	209	0	0
IS	104	186	186	0	0
IS	105	205	205	0	0
IS	106	223	223	0	0
IS	107	229	229	0	0
IS	108	201	201	0	0
IS	109	197	197	0	0
IS	110	236	236	0	0
IS	111	211	211	0	0
IS	112	165	165	0	0
IS	113	198	198	0	0
IS	114	216	216	0	0
IS	115	154	154	0	0
IS	116	172	172	0	0
IS	117	210	210	0	0
IS	118	196	196	0	0
IS	119	185	185	0	0
IS	120	35	35	0	0
IS	121	24	24	0	0
IS	122	10	10	0	0
IS	123	15	15	0	0
IS	124	18	18	0	0
IS	125	17	17	0	0
IS	126	17	17	0	0
IS	127	22	22	0	0
IS	128	23	23	0	0
IS	129	23	23	0	0
IS	130	25	25	0	0
IS	131	21	21	0	0
IS	132	24	24	0	0
IS	133	25	25	0	0
IS	134	30	30	0	0
IS	135	26	26	0	0
IS	136	26	26	0	0
IS	137	30	30	0	0
IS	138	27	27	0	0
IS	139	30	30	0	0
IS	140	29	29	0	0
IS	141	31	31	0	0
IS	142	33	33	0	0
IS	143	34	34	0	0
IS	144	38	38	0	0
IS	145	60	60	0	0
IS	146	55	55	0	0
IS	147	90	90	0	0
IS	148	137	137	0	0
IS	149	266	266	0	0
IS	150	323	323	0	0
IS	151	50	50	0	0
IS	152	21	21	0	0
IS	153	25	25	0	0
IS	154	18	18	0	0
IS	155	20	20	0	0
IS	156	22	22	0	0
IS	157	21	21	0	0
IS	158	18	18	0	0
IS	159	20	20	0	0
IS	160	22	22	0	0
IS	161	20	20	0	0
IS	162	19	19	0	0
IS	163	18	18	0	0
IS	164	19	19	0	0
IS	165	14	14	0	0
IS	166	19	19	0	0
IS	167	19	19	0	0
IS	168	18	18	0	0
IS	169	13	13	0	0
IS	170	15	15	0	0
IS	171	18	18	0	0
IS	172	22	22	0	0
IS	173	17	17	0	0
IS	174	17	17	0	0
IS	175	15	15	0	0
IS	176	14	14	0	0
IS	177	20	20	0	0
IS	178	15	15	0	0
IS	179	15	15	0	0
IS	180	11	11	0	0
IS	181	16	16	0	0
IS	182	16	16	0	0
IS	183	15	15	0	0
IS	184	17	17	0	0
IS	185	16	16	0	0
IS	186	16	16	0	0
IS	187	14	14	0	0
IS	188	11	11	0	0
IS	189	14	14	0	0
IS	190	13	13	0	0
IS	191	15	15	0	0
IS	192	14	14	0	0
IS	193	12	12	0	0
IS	194	11	11	0	0
IS	195	18	18	0	0
IS	196	9	9	0	0
IS	197	18	18	0	0
IS	198	10	10	0	0
IS	199	15	15	0	0
IS	200	15	15	0	0
IS	201	20	20	0	0
IS	202	16	16	0	0
IS	203	14	14	0	0
IS	204	15	15	0	0
IS	205	19	19	0	0
IS	206	15	15	0	0
IS	207	10	10	0	0
IS	208	17	17	0	0
IS	209	13	13	0	0
IS	210	12	12	0	0
IS	211	18	18	0	0
IS	212	13	13	0	0
IS	213	16	16	0	0
IS	214	17	17	0	0
IS	215	11	11	0	0
IS	216	18	18	0	0
IS	217	9	9	0	0
IS	218	12	12	0	0
IS	219	13	13	0	0
IS	220	14	14	0	0
IS	221	14	14	0	0
IS	222	15	15	0	0
IS	223	16	16	0	0
IS	224	11	11	0	0
IS	225	13	13	0	0
IS	226	12	12	0	0
IS	227	14	14	0	0
IS	228	15	15	0	0
IS	229	9	9	0	0
IS	230	13	13	0	0
IS	231	7	7	0	0
IS	232	11	11	0	0
IS	233	10	10	0	0
IS	234	19	19	0	0
IS	235	12	12	0	0
IS	236	11	11	0	0
IS	237	12	12	0	0
IS	238	15	15	0	0
IS	239	13	13	0	0
IS	240	13	13	0	0
IS	241	10	10	0	0
IS	242	13	13	0	0
IS	243	12	12	0	0
IS	244	11	11	0	0
IS	245	16	16	0	0
IS	246	12	12	0	0
IS	247	8	8	0	0
IS	248	8	8	0	0
IS	249	12	12	0	0
IS	250	14	14	0	0
IS	251	9	9	0	0
IS	252	8	8	0	0
IS	253	13	13	0	0
IS	254	13	13	0	0
IS	255	11	11	0	0
IS	256	12	12	0	0
IS	257	10	10	0	0
IS	258	14	14	0	0
IS	259	11	11	0	0
IS	260	11	11	0	0
IS	261	11	11	0	0
IS	262	17	17	0	0
IS	263	10	10	0	0
IS	264	11	11	0	0
IS	265	8	8	0	0
IS	266	14	14	0	0
IS	267	12	12	0	0
IS	268	9	9	0	0
IS	269	8	8	0	0
IS	270	12	12	0	0
IS	271	9	9	0	0
IS	272	11	11	0	0
IS	273	12	12	0	0
IS	274	10	10	0	0
IS	275	12	12	0	0
IS	276	4	4	0	0
IS	277	12	12	0	0
IS	278	6	6	0	0
IS	279	7	7	0	0
IS	280	9	9	0	0
IS	281	11	11	0	0
IS	282	11	11	0	0
IS	283	10	10	0	0
IS	284	6	6	0	0
IS	285	9	9	0	0
IS	286	8	8	0	0
IS	287	9	9	0	0
IS	288	8	8	0	0
IS	289	7	7	0	0
IS	290	7	7	0	0
IS	291	14	14	0	0
IS	292	8	8	0	0
IS	293	10	10	0	0
IS	294	7	7	0	0
IS	295	6	6	0	0
IS	296	8	8	0	0
IS	297	10	10	0	0
IS	298	8	8	0	0
IS	299	8	8	0	0
IS	300	9	9	0	0
IS	301	7	7	0	0
IS	302	6	6	0	0
IS	303	5	5	0	0
IS	304	8	8	0	0
IS	305	7	7	0	0
IS	306	9	9	0	0
IS	307	7	7	0	0
IS	308	7	7	0	0
IS	309	7	7	0	0
IS	310	7	7	0	0
IS	311	10	10	0	0
IS	312	7	7	0	0
IS	313	5	5	0	0
IS	314	8	8	0	0
IS	315	6	6	0	0
IS	316	6	6	0	0
IS	317	5	5	0	0
IS	318	6	6	0	0
IS	319	5	5	0	0
IS	320	7	7	0	0
IS	321	6	6	0	0
IS	322	7	7	0	0
IS	323	9	9	0	0
IS	324	9	9	0	0
IS	325	9	9	0	0
IS	326	9	9	0	0
IS	327	9	9	0	0
IS	328	5	5	0	0
IS	329	8	8	0	0
IS	330	5	5	0	0
IS	331	8	8	0	0
IS	332	7	7	0	0
IS	333	6	6	0	0
IS	334	7	7	0	0
IS	335	6	6	0	0
IS	336	6	6	0	0
IS	337	5	5	0	0
IS	338	7	7	0	0
IS	339	3	3	0	0
IS	340	2	2	0	0
IS	341	6	6	0	0
IS	342	5	5	0	0
IS	343	7	7	0	0
IS	344	8	8	0	0
IS	345	6	6	0	0
IS	346	9	9	0	0
IS	347	5	5	0	0
IS	348	8	8	0	0
IS	349	5	5	0	0
IS	350	7	7	0	0
IS	351	4	4	0	0
IS	352	6	6	0	0
IS	353	4	4	0	0
IS	354	5	5	0	0
IS	355	4	4	0	0
IS	356	6	6	0	0
IS	357	6	6	0	0
IS	358	4	4	0	0
IS	359	3	3	0	0
IS	360	5	5	0	0
IS	361	8	8	0	0
IS	362	8	8	0	0
IS	363	5	5	0	0
IS	364	5	5	0	0
IS	365	5	5	0	0
IS	366	7	7	0	0
IS	367	3	3	0	0
IS	368	4	4	0	0
IS	369	7	7	0	0
IS	370	4	4	0	0
IS	371	3	3	0	0
IS	372	4	4	0	0
IS	373	6	6	0	0
IS	374	7	7	0	0
IS	375	3	3	0	0
IS	376	3	3	0	0
IS	377	6	6	0	0
IS	378	2	2	0	0
IS	379	3	3	0	0
IS	380	4	4	0	0
IS	381	3	3	0	0
IS	382	5	5	0	0
IS	383	5	5	0	0
IS	384	5	5	0	0
IS	385	3	3	0	0
IS	386	8	8	0	0
IS	387	9	9	0	0
IS	388	6	6	0	0
IS	389	4	4	0	0
IS	390	5	5	0	0
IS	391	3	3	0	0
IS	392	4	4	0	0
IS	393	3	3	0	0
IS	394	3	3	0	0
IS	395	3	3	0	0
IS	396	3	3	0	0
IS	397	2	2	0	0
IS	398	3	3	0	0
IS	399	2	2	0	0
IS	400	4	4	0	0
IS	401	3	3	0	0
IS	402	2	2	0	0
IS	403	3	3	0	0
IS	404	4	4	0	0
IS	405	4	4	0	0
IS	406	3	3	0	0
IS	407	6	6	0	0
IS	408	4	4	0	0
IS	409	4	4	0	0
IS	410	4	4	0	0
IS	411	4	4	0	0
IS	412	5	5	0	0
IS	413	4	4	0	0
IS	414	5	5	0	0
IS	415	1	1	0	0
IS	416	1	1	0	0
IS	417	4	4	0	0
IS	418	3	3	0	0
IS	419	3	3	0	0
IS	420	0	0	0	0
IS	421	2	2	0	0
IS	422	3	3	0	0
IS	423	3	3	0	0
IS	424	2	2	0	0
IS	425	3	3	0	0
IS	426	5	5	0	0
# Read lengths. Use `grep ^RL | cut -f 2-` to extract this part. The columns are: read length, count
RL	22	15993
RL	23	16615
RL	24	20628
RL	25	25720
RL	26	29990
RL	27	33795
RL	28	36925
RL	29	41010
RL	30	46562
RL	31	52355
RL	32	59213
RL	33	66934
RL	34	72967
RL	35	79592
RL	36	85345
RL	37	90669
RL	38	95087
RL	39	100829
RL	40	103867
RL	41	108848
RL	42	114256
RL	43	119391
RL	44	122740
RL	45	128705
RL	46	131351
RL	47	134505
RL	48	138270
RL	49	140970
RL	50	142320
RL	51	144310
RL	52	148028
RL	53	150096
RL	54	154853
RL	55	158403
RL	56	158115
RL	57	158492
RL	58	159028
RL	59	160889
RL	60	162242
RL	61	156578
RL	62	153596
RL	63	154344
RL	64	154456
RL	65	153891
RL	66	152856
RL	67	150152
RL	68	148849
RL	69	147707
RL	70	143496
RL	71	141090
RL	72	139983
RL	73	136835
RL	74	135444
RL	75	133423
RL	76	132011
RL	77	128968
RL	78	129920
RL	79	130124
RL	80	128238
RL	81	125109
RL	82	121507
RL	83	120154
RL	84	119343
RL	85	116825
RL	86	115583
RL	87	114630
RL	88	116154
RL	89	119201
RL	90	117825
RL	91	111200
RL	92	105248
RL	93	102385
RL	94	99765
RL	95	97127
RL	96	95662
RL	97	93282
RL	98	92120
RL	99	91823
RL	100	91598
RL	101	91234
RL	102	91082
RL	103	89977
RL	104	86968
RL	105	84818
RL	106	84247
RL	107	83481
RL	108	84373
RL	109	84330
RL	110	82686
RL	111	79716
RL	112	76531
RL	113	74244
RL	114	72290
RL	115	69145
RL	116	67917
RL	117	67511
RL	118	66592
RL	119	65411
# Indel distribution. Use `grep ^ID | cut -f 2-` to extract this part. The columns are: length, number of insertions, number of deletions
ID	1	31667	33354
ID	2	6420	8356
ID	3	2359	2848
ID	4	2300	3243
ID	5	569	928
ID	6	363	585
ID	7	86	181
ID	8	125	322
ID	9	39	113
ID	10	24	131
ID	11	18	68
ID	12	10	85
ID	13	4	29
ID	14	6	31
ID	15	3	14
ID	16	0	14
ID	17	0	15
ID	18	0	4
ID	19	0	4
ID	20	0	6
ID	21	0	3
ID	27	0	2
# Indels per cycle. Use `grep ^IC | cut -f 2-` to extract this part. The columns are: cycle, number of insertions (fwd), .. (rev) , number of deletions (fwd), .. (rev)
IC	4	0	0	151	163
IC	5	179	204	174	207
IC	6	179	172	251	252
IC	7	219	218	233	224
IC	8	201	227	224	254
IC	9	212	200	247	294
IC	10	218	226	277	301
IC	11	245	245	255	265
IC	12	237	257	318	331
IC	13	321	267	320	323
IC	14	263	282	340	383
IC	15	307	299	309	374
IC	16	301	280	344	382
IC	17	308	344	343	387
IC	18	322	322	416	446
IC	19	393	443	390	381
IC	20	390	355	425	414
IC	21	336	385	386	369
IC	22	350	331	356	407
IC	23	342	364	388	375
IC	24	355	351	443	418
IC	25	345	355	390	454
IC	26	346	374	402	410
IC	27	384	409	408	436
IC	28	377	349	368	418
IC	29	333	374	416	376
IC	30	358	380	395	437
IC	31	383	379	445	428
IC	32	379	377	417	431
IC	33	368	384	406	410
IC	34	358	357	408	422
IC	35	375	338	409	408
IC	36	375	362	389	405
IC	37	385	376	397	386
IC	38	348	353	398	423
IC	39	362	373	414	437
IC	40	367	326	356	381
IC	41	348	327	398	339
IC	42	319	346	375	406
IC	43	336	321	371	373
IC	44	336	323	406	358
IC	45	350	321	360	326
IC	46	313	291	363	335
IC	47	301	294	362	336
IC	48	283	318	371	324
IC	49	299	282	319	312
IC	50	283	263	345	334
IC	51	299	268	299	338
IC	52	252	284	295	316
IC	53	274	251	311	288
IC	54	242	276	307	292
IC	55	269	262	294	278
IC	56	256	264	258	267
IC	57	238	248	299	284
IC	58	224	230	274	232
IC	59	243	214	285	260
IC	60	229	239	249	210
IC	61	240	227	263	257
IC	62	203	214	242	239
IC	63	225	203	256	215
IC	64	200	200	230	211
IC	65	187	206	235	207
IC	66	184	185	221	220
IC	67	164	171	202	189
IC	68	180	159	195	194
IC	69	170	172	175	178
IC	70	150	177	189	160
IC	71	154	163	194	178
IC	72	155	129	197	157
IC	73	151	140	177	186
IC	74	130	120	185	144
IC	75	134	134	164	155
IC	76	128	131	122	135
IC	77	124	126	147	140
IC	78	133	106	140	159
IC	79	129	114	128	124
IC	80	108	110	129	132
IC	81	100	109	122	135
IC	82	94	106	97	116
IC	83	101	88	122	110
IC	84	84	90	103	102
IC	85	81	92	102	87
IC	86	87	71	96	92
IC	87	80	77	103	79
IC	88	80	91	96	80
IC	89	75	83	83	85
IC	90	66	69	82	105
IC	91	49	42	78	79
IC	92	67	67	62	52
IC	93	61	57	69	68
IC	94	55	39	53	75
IC	95	43	40	63	52
IC	96	58	46	58	47
IC	97	45	47	39	40
IC	98	38	40	53	42
IC	99	39	40	38	41
IC	100	38	34	41	39
IC	101	33	34	45	34
IC	102	30	22	29	32
IC	103	18	23	35	39
IC	104	20	15	39	25
IC	105	13	18	29	28
IC	106	16	21	23	19
IC	107	17	19	17	17
IC	108	11	14	10	13
IC	109	12	13	18	12
IC	110	12	3	9	6
IC	111	8	8	2	7
IC	112	6	6	4	5
IC	113	4	5	4	2
IC	114	4	5	4	0
IC	115	0	3	1	2
# Coverage distribution. Use `grep ^COV | cut -f 2-` to extract this part.
COV	[1-1]	1	1648151
COV	[2-2]	2	307116734
COV	[3-3]	3	212283
COV	[4-4]	4	25107735
COV	[5-5]	5	21733
COV	[6-6]	6	1859666
COV	[7-7]	7	3967
COV	[8-8]	8	223303
COV	[9-9]	9	1733
COV	[10-10]	10	75388
COV	[11-11]	11	1279
COV	[12-12]	12	43701
COV	[13-13]	13	695
COV	[14-14]	14	28946
COV	[15-15]	15	570
COV	[16-16]	16	18543
COV	[17-17]	17	379
COV	[18-18]	18	14416
COV	[19-19]	19	359
COV	[20-20]	20	11529
COV	[21-21]	21	377
COV	[22-22]	22	9067
COV	[23-23]	23	275
COV	[24-24]	24	7158
COV	[25-25]	25	204
COV	[26-26]	26	6347
COV	[27-27]	27	235
COV	[28-28]	28	4975
COV	[29-29]	29	197
COV	[30-30]	30	4156
COV	[31-31]	31	156
COV	[32-32]	32	4137
COV	[33-33]	33	183
COV	[34-34]	34	3376
COV	[35-35]	35	151
COV	[36-36]	36	2672
COV	[37-37]	37	37
COV	[38-38]	38	2612
COV	[39-39]	39	71
COV	[40-40]	40	2356
COV	[41-41]	41	58
COV	[42-42]	42	1965
COV	[43-43]	43	62
COV	[44-44]	44	1795
COV	[45-45]	45	72
COV	[46-46]	46	1704
COV	[47-47]	47	65
COV	[48-48]	48	1458
COV	[49-49]	49	53
COV	[50-50]	50	1175
COV	[51-51]	51	48
COV	[52-52]	52	1094
COV	[53-53]	53	30
COV	[54-54]	54	990
COV	[55-55]	55	46
COV	[56-56]	56	737
COV	[57-57]	57	33
COV	[58-58]	58	679
COV	[59-59]	59	49
COV	[60-60]	60	557
COV	[61-61]	61	74
COV	[62-62]	62	464
COV	[63-63]	63	61
COV	[64-64]	64	449
COV	[65-65]	65	32
COV	[66-66]	66	329
COV	[67-67]	67	25
COV	[68-68]	68	275
COV	[69-69]	69	10
COV	[70-70]	70	350
COV	[71-71]	71	24
COV	[72-72]	72	281
COV	[73-73]	73	24
COV	[74-74]	74	234
COV	[75-75]	75	3
COV	[76-76]	76	191
COV	[77-77]	77	37
COV	[78-78]	78	197
COV	[79-79]	79	20
COV	[80-80]	80	176
COV	[81-81]	81	10
COV	[82-82]	82	189
COV	[83-83]	83	2
COV	[84-84]	84	158
COV	[85-85]	85	6
COV	[86-86]	86	153
COV	[87-87]	87	11
COV	[88-88]	88	127
COV	[89-89]	89	5
COV	[90-90]	90	117
COV	[91-91]	91	16
COV	[92-92]	92	156
COV	[93-93]	93	13
COV	[94-94]	94	123
COV	[95-95]	95	5
COV	[96-96]	96	140
COV	[97-97]	97	3
COV	[98-98]	98	157
COV	[99-99]	99	15
COV	[100-100]	100	132
COV	[101-101]	101	4
COV	[102-102]	102	165
COV	[103-103]	103	3
COV	[104-104]	104	105
COV	[105-105]	105	16
COV	[106-106]	106	78
COV	[107-107]	107	21
COV	[108-108]	108	86
COV	[109-109]	109	3
COV	[110-110]	110	76
COV	[111-111]	111	4
COV	[112-112]	112	83
COV	[113-113]	113	7
COV	[114-114]	114	43
COV	[115-115]	115	5
COV	[116-116]	116	49
COV	[118-118]	118	50
COV	[119-119]	119	6
COV	[120-120]	120	43
COV	[121-121]	121	3
COV	[122-122]	122	36
COV	[124-124]	124	55
COV	[125-125]	125	3
COV	[126-126]	126	51
COV	[127-127]	127	2
COV	[128-128]	128	46
COV	[130-130]	130	74
COV	[131-131]	131	1
COV	[132-132]	132	60
COV	[133-133]	133	2
COV	[134-134]	134	54
COV	[135-135]	135	3
COV	[136-136]	136	75
COV	[137-137]	137	3
COV	[138-138]	138	93
COV	[139-139]	139	1
COV	[140-140]	140	91
COV	[141-141]	141	5
COV	[142-142]	142	42
COV	[143-143]	143	6
COV	[144-144]	144	49
COV	[145-145]	145	8
COV	[146-146]	146	102
COV	[147-147]	147	5
COV	[148-148]	148	71
COV	[149-149]	149	5
COV	[150-150]	150	74
COV	[151-151]	151	4
COV	[152-152]	152	77
COV	[153-153]	153	1
COV	[154-154]	154	70
COV	[155-155]	155	6
COV	[156-156]	156	56
COV	[157-157]	157	5
COV	[158-158]	158	59
COV	[159-159]	159	2
COV	[160-160]	160	54
COV	[161-161]	161	1
COV	[162-162]	162	56
COV	[163-163]	163	2
COV	[164-164]	164	49
COV	[165-165]	165	2
COV	[166-166]	166	78
COV	[168-168]	168	40
COV	[169-169]	169	1
COV	[170-170]	170	43
COV	[172-172]	172	44
COV	[174-174]	174	61
COV	[176-176]	176	46
COV	[177-177]	177	2
COV	[178-178]	178	47
COV	[179-179]	179	2
COV	[180-180]	180	61
COV	[181-181]	181	7
COV	[182-182]	182	41
COV	[184-184]	184	53
COV	[185-185]	185	3
COV	[186-186]	186	48
COV	[188-188]	188	34
COV	[190-190]	190	32
COV	[191-191]	191	3
COV	[192-192]	192	45
COV	[193-193]	193	1
COV	[194-194]	194	41
COV	[195-195]	195	1
COV	[196-196]	196	55
COV	[197-197]	197	4
COV	[198-198]	198	43
COV	[199-199]	199	6
COV	[200-200]	200	51
COV	[201-201]	201	4
COV	[202-202]	202	34
COV	[203-203]	203	11
COV	[204-204]	204	52
COV	[205-205]	205	5
COV	[206-206]	206	49
COV	[207-207]	207	3
COV	[208-208]	208	45
COV	[209-209]	209	2
COV	[210-210]	210	34
COV	[211-211]	211	4
COV	[212-212]	212	53
COV	[213-213]	213	4
COV	[214-214]	214	29
COV	[215-215]	215	14
COV	[216-216]	216	46
COV	[217-217]	217	10
COV	[218-218]	218	36
COV	[219-219]	219	6
COV	[220-220]	220	30
COV	[221-221]	221	16
COV	[222-222]	222	26
COV	[223-223]	223	7
COV	[224-224]	224	29
COV	[225-225]	225	1
COV	[226-226]	226	36
COV	[227-227]	227	5
COV	[228-228]	228	38
COV	[229-229]	229	3
COV	[230-230]	230	51
COV	[231-231]	231	3
COV	[232-232]	232	34
COV	[233-233]	233	3
COV	[234-234]	234	41
COV	[235-235]	235	2
COV	[236-236]	236	57
COV	[237-237]	237	4
COV	[238-238]	238	59
COV	[239-239]	239	9
COV	[240-240]	240	45
COV	[241-241]	241	9
COV	[242-242]	242	46
COV	[243-243]	243	6
COV	[244-244]	244	28
COV	[245-245]	245	1
COV	[246-246]	246	46
COV	[247-247]	247	7
COV	[248-248]	248	48
COV	[249-249]	249	3
COV	[250-250]	250	43
COV	[251-251]	251	8
COV	[252-252]	252	55
COV	[253-253]	253	20
COV	[254-254]	254	45
COV	[255-255]	255	7
COV	[256-256]	256	65
COV	[257-257]	257	5
COV	[258-258]	258	66
COV	[259-259]	259	3
COV	[260-260]	260	41
COV	[261-261]	261	15
COV	[262-262]	262	45
COV	[263-263]	263	10
COV	[264-264]	264	28
COV	[265-265]	265	13
COV	[266-266]	266	29
COV	[267-267]	267	7
COV	[268-268]	268	28
COV	[269-269]	269	8
COV	[270-270]	270	34
COV	[271-271]	271	13
COV	[272-272]	272	15
COV	[273-273]	273	5
COV	[274-274]	274	24
COV	[275-275]	275	6
COV	[276-276]	276	29
COV	[277-277]	277	3
COV	[278-278]	278	29
COV	[279-279]	279	13
COV	[280-280]	280	43
COV	[281-281]	281	14
COV	[282-282]	282	37
COV	[283-283]	283	8
COV	[284-284]	284	37
COV	[285-285]	285	4
COV	[286-286]	286	23
COV	[287-287]	287	2
COV	[288-288]	288	41
COV	[289-289]	289	5
COV	[290-290]	290	51
COV	[291-291]	291	3
COV	[292-292]	292	39
COV	[293-293]	293	1
COV	[294-294]	294	30
COV	[295-295]	295	1
COV	[296-296]	296	31
COV	[298-298]	298	62
COV	[300-300]	300	35
COV	[301-301]	301	6
COV	[302-302]	302	48
COV	[303-303]	303	3
COV	[304-304]	304	36
COV	[305-305]	305	2
COV	[306-306]	306	45
COV	[308-308]	308	47
COV	[309-309]	309	7
COV	[310-310]	310	43
COV	[311-311]	311	10
COV	[312-312]	312	58
COV	[313-313]	313	7
COV	[314-314]	314	35
COV	[315-315]	315	8
COV	[316-316]	316	42
COV	[317-317]	317	2
COV	[318-318]	318	38
COV	[319-319]	319	5
COV	[320-320]	320	42
COV	[321-321]	321	3
COV	[322-322]	322	35
COV	[323-323]	323	3
COV	[324-324]	324	45
COV	[325-325]	325	9
COV	[326-326]	326	35
COV	[327-327]	327	5
COV	[328-328]	328	20
COV	[329-329]	329	1
COV	[330-330]	330	27
COV	[331-331]	331	1
COV	[332-332]	332	40
COV	[333-333]	333	5
COV	[334-334]	334	32
COV	[335-335]	335	3
COV	[336-336]	336	35
COV	[337-337]	337	2
COV	[338-338]	338	35
COV	[339-339]	339	3
COV	[340-340]	340	36
COV	[341-341]	341	2
COV	[342-342]	342	33
COV	[343-343]	343	2
COV	[344-344]	344	40
COV	[345-345]	345	4
COV	[346-346]	346	36
COV	[347-347]	347	5
COV	[348-348]	348	31
COV	[349-349]	349	7
COV	[350-350]	350	43
COV	[351-351]	351	11
COV	[352-352]	352	35
COV	[353-353]	353	9
COV	[354-354]	354	23
COV	[355-355]	355	4
COV	[356-356]	356	46
COV	[357-357]	357	5
COV	[358-358]	358	34
COV	[359-359]	359	3
COV	[360-360]	360	33
COV	[361-361]	361	8
COV	[362-362]	362	41
COV	[363-363]	363	7
COV	[364-364]	364	66
COV	[365-365]	365	7
COV	[366-366]	366	60
COV	[367-367]	367	9
COV	[368-368]	368	31
COV	[369-369]	369	4
COV	[370-370]	370	52
COV	[372-372]	372	60
COV	[373-373]	373	3
COV	[374-374]	374	60
COV	[375-375]	375	3
COV	[376-376]	376	47
COV	[377-377]	377	3
COV	[378-378]	378	51
COV	[379-379]	379	5
COV	[380-380]	380	45
COV	[381-381]	381	11
COV	[382-382]	382	56
COV	[383-383]	383	10
COV	[384-384]	384	56
COV	[385-385]	385	5
COV	[386-386]	386	48
COV	[387-387]	387	4
COV	[388-388]	388	57
COV	[389-389]	389	9
COV	[390-390]	390	57
COV	[391-391]	391	5
COV	[392-392]	392	74
COV	[393-393]	393	7
COV	[394-394]	394	51
COV	[395-395]	395	5
COV	[396-396]	396	67
COV	[397-397]	397	5
COV	[398-398]	398	53
COV	[399-399]	399	7
COV	[400-400]	400	50
COV	[401-401]	401	8
COV	[402-402]	402	48
COV	[403-403]	403	3
COV	[404-404]	404	42
COV	[405-405]	405	10
COV	[406-406]	406	44
COV	[407-407]	407	6
COV	[408-408]	408	46
COV	[409-409]	409	13
COV	[410-410]	410	55
COV	[411-411]	411	5
COV	[412-412]	412	32
COV	[413-413]	413	5
COV	[414-414]	414	43
COV	[415-415]	415	11
COV	[416-416]	416	49
COV	[417-417]	417	13
COV	[418-418]	418	54
COV	[419-419]	419	5
COV	[420-420]	420	32
COV	[421-421]	421	5
COV	[422-422]	422	58
COV	[423-423]	423	3
COV	[424-424]	424	60
COV	[425-425]	425	4
COV	[426-426]	426	42
COV	[427-427]	427	12
COV	[428-428]	428	66
COV	[429-429]	429	9
COV	[430-430]	430	83
COV	[431-431]	431	31
COV	[432-432]	432	59
COV	[433-433]	433	14
COV	[434-434]	434	38
COV	[435-435]	435	17
COV	[436-436]	436	47
COV	[437-437]	437	12
COV	[438-438]	438	41
COV	[439-439]	439	12
COV	[440-440]	440	52
COV	[441-441]	441	15
COV	[442-442]	442	56
COV	[443-443]	443	10
COV	[444-444]	444	38
COV	[445-445]	445	8
COV	[446-446]	446	32
COV	[447-447]	447	10
COV	[448-448]	448	42
COV	[450-450]	450	35
COV	[451-451]	451	8
COV	[452-452]	452	41
COV	[453-453]	453	7
COV	[454-454]	454	38
COV	[455-455]	455	4
COV	[456-456]	456	54
COV	[457-457]	457	6
COV	[458-458]	458	33
COV	[459-459]	459	14
COV	[460-460]	460	35
COV	[461-461]	461	8
COV	[462-462]	462	46
COV	[463-463]	463	11
COV	[464-464]	464	41
COV	[465-465]	465	6
COV	[466-466]	466	59
COV	[467-467]	467	9
COV	[468-468]	468	59
COV	[469-469]	469	17
COV	[470-470]	470	54
COV	[471-471]	471	19
COV	[472-472]	472	45
COV	[473-473]	473	18
COV	[474-474]	474	47
COV	[475-475]	475	23
COV	[476-476]	476	49
COV	[477-477]	477	20
COV	[478-478]	478	38
COV	[479-479]	479	7
COV	[480-480]	480	40
COV	[481-481]	481	4
COV	[482-482]	482	53
COV	[483-483]	483	13
COV	[484-484]	484	53
COV	[485-485]	485	10
COV	[486-486]	486	59
COV	[487-487]	487	9
COV	[488-488]	488	53
COV	[489-489]	489	5
COV	[490-490]	490	45
COV	[491-491]	491	8
COV	[492-492]	492	61
COV	[493-493]	493	6
COV	[494-494]	494	54
COV	[495-495]	495	3
COV	[496-496]	496	48
COV	[497-497]	497	7
COV	[498-498]	498	36
COV	[499-499]	499	8
COV	[500-500]	500	46
COV	[501-501]	501	9
COV	[502-502]	502	35
COV	[503-503]	503	10
COV	[504-504]	504	48
COV	[505-505]	505	5
COV	[506-506]	506	45
COV	[507-507]	507	5
COV	[508-508]	508	41
COV	[509-509]	509	4
COV	[510-510]	510	46
COV	[511-511]	511	7
COV	[512-512]	512	38
COV	[513-513]	513	8
COV	[514-514]	514	54
COV	[515-515]	515	14
COV	[516-516]	516	56
COV	[517-517]	517	6
COV	[518-518]	518	32
COV	[519-519]	519	8
COV	[520-520]	520	49
COV	[521-521]	521	6
COV	[522-522]	522	58
COV	[523-523]	523	13
COV	[524-524]	524	44
COV	[525-525]	525	8
COV	[526-526]	526	41
COV	[527-527]	527	9
COV	[528-528]	528	43
COV	[529-529]	529	9
COV	[530-530]	530	43
COV	[531-531]	531	9
COV	[532-532]	532	47
COV	[533-533]	533	8
COV	[534-534]	534	46
COV	[535-535]	535	5
COV	[536-536]	536	39
COV	[537-537]	537	9
COV	[538-538]	538	45
COV	[539-539]	539	4
COV	[540-540]	540	46
COV	[541-541]	541	8
COV	[542-542]	542	46
COV	[543-543]	543	2
COV	[544-544]	544	38
COV	[545-545]	545	6
COV	[546-546]	546	56
COV	[547-547]	547	5
COV	[548-548]	548	35
COV	[549-549]	549	5
COV	[550-550]	550	41
COV	[551-551]	551	10
COV	[552-552]	552	35
COV	[553-553]	553	9
COV	[554-554]	554	42
COV	[555-555]	555	7
COV	[556-556]	556	28
COV	[557-557]	557	9
COV	[558-558]	558	29
COV	[559-559]	559	8
COV	[560-560]	560	43
COV	[561-561]	561	8
COV	[562-562]	562	43
COV	[563-563]	563	7
COV	[564-564]	564	28
COV	[565-565]	565	9
COV	[566-566]	566	42
COV	[567-567]	567	9
COV	[568-568]	568	34
COV	[569-569]	569	5
COV	[570-570]	570	27
COV	[571-571]	571	5
COV	[572-572]	572	22
COV	[573-573]	573	7
COV	[574-574]	574	30
COV	[575-575]	575	6
COV	[576-576]	576	23
COV	[577-577]	577	12
COV	[578-578]	578	25
COV	[579-579]	579	9
COV	[580-580]	580	20
COV	[581-581]	581	4
COV	[582-582]	582	18
COV	[583-583]	583	20
COV	[584-584]	584	20
COV	[585-585]	585	15
COV	[586-586]	586	26
COV	[587-587]	587	6
COV	[588-588]	588	27
COV	[589-589]	589	10
COV	[590-590]	590	30
COV	[591-591]	591	9
COV	[592-592]	592	22
COV	[593-593]	593	14
COV	[594-594]	594	20
COV	[595-595]	595	18
COV	[596-596]	596	15
COV	[597-597]	597	25
COV	[598-598]	598	21
COV	[599-599]	599	15
COV	[600-600]	600	17
COV	[601-601]	601	10
COV	[602-602]	602	17
COV	[603-603]	603	14
COV	[604-604]	604	18
COV	[605-605]	605	15
COV	[606-606]	606	18
COV	[607-607]	607	8
COV	[608-608]	608	15
COV	[609-609]	609	10
COV	[610-610]	610	18
COV	[611-611]	611	18
COV	[612-612]	612	11
COV	[613-613]	613	10
COV	[614-614]	614	22
COV	[615-615]	615	8
COV	[616-616]	616	24
COV	[617-617]	617	15
COV	[618-618]	618	20
COV	[619-619]	619	10
COV	[620-620]	620	20
COV	[621-621]	621	4
COV	[622-622]	622	21
COV	[623-623]	623	18
COV	[624-624]	624	31
COV	[625-625]	625	14
COV	[626-626]	626	24
COV	[627-627]	627	6
COV	[628-628]	628	20
COV	[629-629]	629	5
COV	[630-630]	630	22
COV	[631-631]	631	7
COV	[632-632]	632	29
COV	[633-633]	633	2
COV	[634-634]	634	28
COV	[635-635]	635	3
COV	[636-636]	636	17
COV	[637-637]	637	7
COV	[638-638]	638	16
COV	[639-639]	639	1
COV	[640-640]	640	17
COV	[641-641]	641	2
COV	[642-642]	642	21
COV	[643-643]	643	1
COV	[644-644]	644	18
COV	[645-645]	645	8
COV	[646-646]	646	15
COV	[647-647]	647	5
COV	[648-648]	648	14
COV	[649-649]	649	5
COV	[650-650]	650	20
COV	[651-651]	651	6
COV	[652-652]	652	13
COV	[653-653]	653	6
COV	[654-654]	654	16
COV	[655-655]	655	6
COV	[656-656]	656	16
COV	[657-657]	657	8
COV	[658-658]	658	15
COV	[659-659]	659	3
COV	[660-660]	660	16
COV	[661-661]	661	9
COV	[662-662]	662	14
COV	[663-663]	663	6
COV	[664-664]	664	11
COV	[665-665]	665	20
COV	[666-666]	666	12
COV	[667-667]	667	8
COV	[668-668]	668	15
COV	[669-669]	669	8
COV	[670-670]	670	10
COV	[671-671]	671	16
COV	[672-672]	672	11
COV	[673-673]	673	12
COV	[674-674]	674	6
COV	[675-675]	675	14
COV	[676-676]	676	8
COV	[677-677]	677	7
COV	[678-678]	678	5
COV	[679-679]	679	7
COV	[680-680]	680	6
COV	[681-681]	681	10
COV	[682-682]	682	7
COV	[683-683]	683	11
COV	[684-684]	684	9
COV	[685-685]	685	2
COV	[686-686]	686	7
COV	[687-687]	687	5
COV	[688-688]	688	5
COV	[689-689]	689	9
COV	[690-690]	690	8
COV	[691-691]	691	5
COV	[692-692]	692	6
COV	[693-693]	693	3
COV	[694-694]	694	4
COV	[695-695]	695	4
COV	[696-696]	696	9
COV	[697-697]	697	9
COV	[698-698]	698	6
COV	[699-699]	699	1
COV	[700-700]	700	5
COV	[701-701]	701	2
COV	[702-702]	702	9
COV	[703-703]	703	1
COV	[704-704]	704	4
COV	[705-705]	705	4
COV	[706-706]	706	4
COV	[707-707]	707	5
COV	[708-708]	708	9
COV	[709-709]	709	3
COV	[710-710]	710	7
COV	[711-711]	711	10
COV	[712-712]	712	6
COV	[713-713]	713	7
COV	[714-714]	714	7
COV	[715-715]	715	6
COV	[716-716]	716	3
COV	[717-717]	717	4
COV	[718-718]	718	4
COV	[720-720]	720	9
COV	[721-721]	721	4
COV	[722-722]	722	6
COV	[723-723]	723	2
COV	[724-724]	724	5
COV	[725-725]	725	2
COV	[726-726]	726	4
COV	[727-727]	727	6
COV	[728-728]	728	6
COV	[729-729]	729	5
COV	[730-730]	730	7
COV	[731-731]	731	4
COV	[732-732]	732	5
COV	[733-733]	733	7
COV	[734-734]	734	3
COV	[735-735]	735	7
COV	[736-736]	736	3
COV	[737-737]	737	4
COV	[738-738]	738	1
COV	[739-739]	739	3
COV	[740-740]	740	5
COV	[741-741]	741	5
COV	[742-742]	742	4
COV	[743-743]	743	4
COV	[744-744]	744	1
COV	[745-745]	745	7
COV	[746-746]	746	6
COV	[747-747]	747	4
COV	[748-748]	748	2
COV	[749-749]	749	1
COV	[750-750]	750	3
COV	[751-751]	751	1
COV	[752-752]	752	4
COV	[753-753]	753	3
COV	[755-755]	755	5
COV	[756-756]	756	4
COV	[757-757]	757	1
COV	[758-758]	758	6
COV	[759-759]	759	1
COV	[760-760]	760	7
COV	[761-761]	761	3
COV	[762-762]	762	5
COV	[763-763]	763	1
COV	[764-764]	764	3
COV	[766-766]	766	8
COV	[767-767]	767	1
COV	[768-768]	768	3
COV	[769-769]	769	1
COV	[770-770]	770	8
COV	[771-771]	771	2
COV	[772-772]	772	3
COV	[773-773]	773	3
COV	[774-774]	774	9
COV	[775-775]	775	2
COV	[776-776]	776	11
COV	[777-777]	777	4
COV	[778-778]	778	5
COV	[779-779]	779	5
COV	[780-780]	780	3
COV	[781-781]	781	6
COV	[782-782]	782	6
COV	[783-783]	783	5
COV	[784-784]	784	4
COV	[785-785]	785	9
COV	[786-786]	786	2
COV	[787-787]	787	4
COV	[788-788]	788	6
COV	[789-789]	789	1
COV	[790-790]	790	5
COV	[791-791]	791	4
COV	[793-793]	793	3
COV	[794-794]	794	2
COV	[795-795]	795	3
COV	[796-796]	796	1
COV	[798-798]	798	2
COV	[799-799]	799	2
COV	[800-800]	800	1
COV	[801-801]	801	3
COV	[802-802]	802	2
COV	[803-803]	803	1
COV	[804-804]	804	1
COV	[805-805]	805	1
COV	[806-806]	806	5
COV	[807-807]	807	3
COV	[808-808]	808	1
COV	[809-809]	809	1
COV	[810-810]	810	2
COV	[814-814]	814	1
COV	[816-816]	816	6
COV	[817-817]	817	1
COV	[818-818]	818	5
COV	[819-819]	819	1
COV	[820-820]	820	2
COV	[821-821]	821	3
COV	[823-823]	823	1
COV	[824-824]	824	3
COV	[826-826]	826	2
COV	[828-828]	828	6
COV	[830-830]	830	4
COV	[832-832]	832	2
COV	[834-834]	834	8
COV	[835-835]	835	1
COV	[836-836]	836	1
COV	[837-837]	837	1
COV	[838-838]	838	5
COV	[840-840]	840	1
COV	[842-842]	842	5
COV	[843-843]	843	1
COV	[846-846]	846	1
COV	[848-848]	848	2
COV	[850-850]	850	1
COV	[856-856]	856	3
COV	[858-858]	858	3
COV	[860-860]	860	1
COV	[862-862]	862	3
COV	[864-864]	864	2
COV	[866-866]	866	2
COV	[870-870]	870	2
COV	[874-874]	874	3
COV	[876-876]	876	5
COV	[878-878]	878	2
COV	[880-880]	880	5
COV	[882-882]	882	1
COV	[884-884]	884	2
COV	[886-886]	886	3
COV	[890-890]	890	1
COV	[892-892]	892	1
# GC-depth. Use `grep ^GCD | cut -f 2-` to extract this part. The columns are: GC%, unique sequence percentiles, 10th, 25th, 50th, 75th and 90th depth percentile
GCD	0.0	0.001	0.000	0.000	0.000	0.000	0.000
GCD	2.4	0.002	0.021	0.021	0.021	0.021	0.021
GCD	6.0	0.003	0.014	0.014	0.014	0.014	0.014
GCD	7.0	0.004	0.014	0.014	0.014	0.014	0.014
GCD	14.0	0.005	0.014	0.014	0.014	0.084	0.084
GCD	15.0	0.007	0.007	0.007	0.007	0.007	0.007
GCD	16.0	0.008	0.007	0.007	0.007	0.007	0.007
GCD	17.0	0.009	0.014	0.014	0.014	0.014	0.014
GCD	18.0	0.010	0.007	0.007	0.007	0.014	0.014
GCD	19.0	0.015	0.007	0.007	0.007	0.007	0.007
GCD	20.0	0.018	0.007	0.007	0.007	0.014	0.035
GCD	21.0	0.021	0.007	0.007	0.014	0.014	0.014
GCD	22.0	0.024	0.007	0.007	0.007	0.007	0.014
GCD	23.0	0.031	0.007	0.007	0.007	0.021	0.021
GCD	24.0	0.040	0.007	0.007	0.014	0.021	0.035
GCD	25.0	0.051	0.007	0.007	0.014	0.021	0.035
GCD	26.0	0.065	0.007	0.007	0.014	0.021	0.063
GCD	27.0	0.099	0.007	0.007	0.021	0.245	0.364
GCD	28.0	0.210	0.014	0.119	0.294	0.364	0.434
GCD	29.0	0.610	0.077	0.269	0.336	0.385	0.427
GCD	30.0	1.942	0.238	0.287	0.336	0.385	0.427
GCD	31.0	4.840	0.245	0.287	0.329	0.378	0.420
GCD	32.0	10.130	0.238	0.280	0.322	0.368	0.406
GCD	33.0	17.510	0.231	0.273	0.315	0.357	0.392
GCD	34.0	26.582	0.224	0.259	0.301	0.347	0.385
GCD	35.0	36.014	0.217	0.252	0.294	0.336	0.371
GCD	36.0	45.277	0.203	0.245	0.280	0.322	0.357
GCD	37.0	53.731	0.196	0.231	0.273	0.312	0.350
GCD	38.0	61.199	0.189	0.224	0.266	0.301	0.343
GCD	39.0	67.533	0.182	0.217	0.252	0.294	0.329
GCD	40.0	72.953	0.175	0.210	0.245	0.280	0.322
GCD	41.0	77.463	0.168	0.196	0.235	0.273	0.308
GCD	42.0	81.244	0.161	0.196	0.228	0.266	0.301
GCD	43.0	84.341	0.154	0.185	0.217	0.255	0.294
GCD	44.0	86.941	0.147	0.175	0.210	0.245	0.287
GCD	45.0	89.126	0.140	0.168	0.203	0.238	0.280
GCD	46.0	90.960	0.140	0.168	0.196	0.235	0.273
GCD	47.0	92.507	0.133	0.161	0.189	0.224	0.266
GCD	48.0	93.791	0.126	0.154	0.189	0.224	0.266
GCD	49.0	94.884	0.126	0.154	0.182	0.217	0.259
GCD	50.0	95.888	0.119	0.147	0.175	0.210	0.245
GCD	51.0	96.743	0.112	0.140	0.175	0.206	0.252
GCD	52.0	97.417	0.112	0.140	0.175	0.203	0.245
GCD	53.0	97.979	0.112	0.137	0.168	0.203	0.252
GCD	54.0	98.437	0.105	0.133	0.161	0.196	0.238
GCD	55.0	98.789	0.098	0.126	0.157	0.189	0.238
GCD	56.0	99.101	0.098	0.126	0.157	0.196	0.245
GCD	57.0	99.346	0.094	0.119	0.154	0.196	0.255
GCD	58.0	99.518	0.084	0.112	0.147	0.182	0.245
GCD	59.0	99.652	0.077	0.119	0.137	0.175	0.224
GCD	60.0	99.757	0.084	0.105	0.140	0.168	0.199
GCD	61.0	99.843	0.063	0.094	0.126	0.154	0.182
GCD	62.0	99.888	0.063	0.091	0.119	0.147	0.182
GCD	63.0	99.926	0.028	0.091	0.130	0.147	0.189
GCD	64.0	99.954	0.007	0.060	0.098	0.123	0.154
GCD	65.0	99.971	0.021	0.077	0.112	0.137	0.175
GCD	66.0	99.979	0.007	0.007	0.098	0.154	0.203
GCD	67.0	99.984	0.024	0.073	0.084	0.175	0.199
GCD	68.0	99.993	0.007	0.007	0.063	0.091	0.147
GCD	69.0	99.995	0.007	0.007	0.007	0.126	0.126
GCD	70.0	99.997	0.007	0.007	0.063	0.112	0.112
GCD	71.0	99.999	0.094	0.094	0.094	0.098	0.098
GCD	73.0	99.999	0.007	0.007	0.007	0.007	0.007
GCD	75.0	100.000	0.007	0.007	0.007	0.007	0.007
