# This file was produced by samtools stats (1.1+htslib-1.1) and can be plotted using plot-bamstats
# The command line was:  stats SRR24258481.rmdup_lt120.bam
# CHK, Checksum	[2]Read Names	[3]Sequences	[4]Qualities
# CHK, CRC32 of reads which passed filtering followed by addition (32bit overflow)
CHK	3a134e5a	6947c6cd	3137345e
# Summary Numbers. Use `grep ^SN | cut -f 2-` to extract this part.
SN	raw total sequences:	10757377
SN	filtered sequences:	0
SN	sequences:	10757377
SN	is sorted:	1
SN	1st fragments:	5378222
SN	last fragments:	5379155
SN	reads mapped:	10757377
SN	reads mapped and paired:	10757377	# paired-end technology bit set + both mates mapped
SN	reads unmapped:	0
SN	reads properly paired:	10757377	# proper-pair bit set
SN	reads paired:	10757377	# paired-end technology bit set
SN	reads duplicated:	0	# PCR or optical duplicate bit set
SN	reads MQ0:	0	# mapped and MQ=0
SN	reads QC failed:	0
SN	non-primary alignments:	0
SN	total length:	816902238	# ignores clipping
SN	bases mapped:	816902238	# ignores clipping
SN	bases mapped (cigar):	816081742	# more accurate
SN	bases trimmed:	0
SN	bases duplicated:	0
SN	mismatches:	1385818	# from NM fields
SN	error rate:	1.698136e-03	# mismatches / bases mapped (cigar)
SN	average length:	75
SN	maximum length:	119
SN	average quality:	36.5
SN	insert size average:	106.5
SN	insert size standard deviation:	49.7
SN	inward oriented pairs:	19079
SN	outward oriented pairs:	0
SN	pairs with other orientation:	0
SN	pairs on different chromosomes:	0
# First Fragment Qualitites. Use `grep ^FFQ | cut -f 2-` to extract this part.
# Columns correspond to qualities and rows to cycles. First column is the cycle number.
FFQ	1	0	0	1	0	0	0	0	0	0	0	0	30810	0	0	0	0	0	0	0	0	0	0	0	0	0	70346	0	0	0	0	0	0	0	0	0	0	0	5277065	0	0	0	0
FFQ	2	0	0	1658	0	0	0	0	0	0	0	0	31218	0	0	0	0	0	0	0	0	0	0	0	0	0	77687	0	0	0	0	0	0	0	0	0	0	0	5267659	0	0	0	0
FFQ	3	0	0	0	0	0	0	0	0	0	0	0	29088	0	0	0	0	0	0	0	0	0	0	0	0	0	68330	0	0	0	0	0	0	0	0	0	0	0	5280804	0	0	0	0
FFQ	4	0	0	0	0	0	0	0	0	0	0	0	28608	0	0	0	0	0	0	0	0	0	0	0	0	0	72950	0	0	0	0	0	0	0	0	0	0	0	5276664	0	0	0	0
FFQ	5	0	0	0	0	0	0	0	0	0	0	0	28724	0	0	0	0	0	0	0	0	0	0	0	0	0	78134	0	0	0	0	0	0	0	0	0	0	0	5271364	0	0	0	0
FFQ	6	0	0	38	0	0	0	0	0	0	0	0	27870	0	0	0	0	0	0	0	0	0	0	0	0	0	76850	0	0	0	0	0	0	0	0	0	0	0	5273464	0	0	0	0
FFQ	7	0	0	0	0	0	0	0	0	0	0	0	27220	0	0	0	0	0	0	0	0	0	0	0	0	0	77980	0	0	0	0	0	0	0	0	0	0	0	5273022	0	0	0	0
FFQ	8	0	0	204	0	0	0	0	0	0	0	0	27354	0	0	0	0	0	0	0	0	0	0	0	0	0	77391	0	0	0	0	0	0	0	0	0	0	0	5273273	0	0	0	0
FFQ	9	0	0	0	0	0	0	0	0	0	0	0	27789	0	0	0	0	0	0	0	0	0	0	0	0	0	78995	0	0	0	0	0	0	0	0	0	0	0	5271438	0	0	0	0
FFQ	10	0	0	1	0	0	0	0	0	0	0	0	27520	0	0	0	0	0	0	0	0	0	0	0	0	0	81320	0	0	0	0	0	0	0	0	0	0	0	5269381	0	0	0	0
FFQ	11	0	0	4	0	0	0	0	0	0	0	0	28333	0	0	0	0	0	0	0	0	0	0	0	0	0	81129	0	0	0	0	0	0	0	0	0	0	0	5268756	0	0	0	0
FFQ	12	0	0	0	0	0	0	0	0	0	0	0	29235	0	0	0	0	0	0	0	0	0	0	0	0	0	85936	0	0	0	0	0	0	0	0	0	0	0	5263051	0	0	0	0
FFQ	13	0	0	0	0	0	0	0	0	0	0	0	29549	0	0	0	0	0	0	0	0	0	0	0	0	0	86602	0	0	0	0	0	0	0	0	0	0	0	5262071	0	0	0	0
FFQ	14	0	0	83	0	0	0	0	0	0	0	0	30596	0	0	0	0	0	0	0	0	0	0	0	0	0	90393	0	0	0	0	0	0	0	0	0	0	0	5257150	0	0	0	0
FFQ	15	0	0	0	0	0	0	0	0	0	0	0	30493	0	0	0	0	0	0	0	0	0	0	0	0	0	90449	0	0	0	0	0	0	0	0	0	0	0	5257280	0	0	0	0
FFQ	16	0	0	0	0	0	0	0	0	0	0	0	30876	0	0	0	0	0	0	0	0	0	0	0	0	0	91727	0	0	0	0	0	0	0	0	0	0	0	5255619	0	0	0	0
FFQ	17	0	0	10	0	0	0	0	0	0	0	0	31401	0	0	0	0	0	0	0	0	0	0	0	0	0	93006	0	0	0	0	0	0	0	0	0	0	0	5253805	0	0	0	0
FFQ	18	0	0	0	0	0	0	0	0	0	0	0	32049	0	0	0	0	0	0	0	0	0	0	0	0	0	94032	0	0	0	0	0	0	0	0	0	0	0	5252141	0	0	0	0
FFQ	19	0	0	0	0	0	0	0	0	0	0	0	32458	0	0	0	0	0	0	0	0	0	0	0	0	0	95679	0	0	0	0	0	0	0	0	0	0	0	5250085	0	0	0	0
FFQ	20	0	0	0	0	0	0	0	0	0	0	0	32336	0	0	0	0	0	0	0	0	0	0	0	0	0	95506	0	0	0	0	0	0	0	0	0	0	0	5250380	0	0	0	0
FFQ	21	0	0	0	0	0	0	0	0	0	0	0	32787	0	0	0	0	0	0	0	0	0	0	0	0	0	95940	0	0	0	0	0	0	0	0	0	0	0	5249495	0	0	0	0
FFQ	22	0	0	0	0	0	0	0	0	0	0	0	34062	0	0	0	0	0	0	0	0	0	0	0	0	0	98707	0	0	0	0	0	0	0	0	0	0	0	5245453	0	0	0	0
FFQ	23	0	0	163	0	0	0	0	0	0	0	0	35296	0	0	0	0	0	0	0	0	0	0	0	0	0	101847	0	0	0	0	0	0	0	0	0	0	0	5235174	0	0	0	0
FFQ	24	0	0	6	0	0	0	0	0	0	0	0	36040	0	0	0	0	0	0	0	0	0	0	0	0	0	103781	0	0	0	0	0	0	0	0	0	0	0	5226737	0	0	0	0
FFQ	25	0	0	0	0	0	0	0	0	0	0	0	37758	0	0	0	0	0	0	0	0	0	0	0	0	0	105521	0	0	0	0	0	0	0	0	0	0	0	5216123	0	0	0	0
FFQ	26	0	0	2	0	0	0	0	0	0	0	0	40956	0	0	0	0	0	0	0	0	0	0	0	0	0	107603	0	0	0	0	0	0	0	0	0	0	0	5202226	0	0	0	0
FFQ	27	0	0	0	0	0	0	0	0	0	0	0	40221	0	0	0	0	0	0	0	0	0	0	0	0	0	107393	0	0	0	0	0	0	0	0	0	0	0	5193411	0	0	0	0
FFQ	28	0	0	6	0	0	0	0	0	0	0	0	40736	0	0	0	0	0	0	0	0	0	0	0	0	0	107113	0	0	0	0	0	0	0	0	0	0	0	5182601	0	0	0	0
FFQ	29	0	0	0	0	0	0	0	0	0	0	0	41177	0	0	0	0	0	0	0	0	0	0	0	0	0	108121	0	0	0	0	0	0	0	0	0	0	0	5170306	0	0	0	0
FFQ	30	0	0	0	0	0	0	0	0	0	0	0	41911	0	0	0	0	0	0	0	0	0	0	0	0	0	108604	0	0	0	0	0	0	0	0	0	0	0	5157639	0	0	0	0
FFQ	31	0	0	0	0	0	0	0	0	0	0	0	43235	0	0	0	0	0	0	0	0	0	0	0	0	0	110212	0	0	0	0	0	0	0	0	0	0	0	5142212	0	0	0	0
FFQ	32	0	0	6	0	0	0	0	0	0	0	0	44622	0	0	0	0	0	0	0	0	0	0	0	0	0	111751	0	0	0	0	0	0	0	0	0	0	0	5124388	0	0	0	0
FFQ	33	0	0	0	0	0	0	0	0	0	0	0	43318	0	0	0	0	0	0	0	0	0	0	0	0	0	111392	0	0	0	0	0	0	0	0	0	0	0	5108203	0	0	0	0
FFQ	34	0	0	0	0	0	0	0	0	0	0	0	43073	0	0	0	0	0	0	0	0	0	0	0	0	0	110519	0	0	0	0	0	0	0	0	0	0	0	5088330	0	0	0	0
FFQ	35	0	0	0	0	0	0	0	0	0	0	0	44116	0	0	0	0	0	0	0	0	0	0	0	0	0	111857	0	0	0	0	0	0	0	0	0	0	0	5061798	0	0	0	0
FFQ	36	0	0	98	0	0	0	0	0	0	0	0	44668	0	0	0	0	0	0	0	0	0	0	0	0	0	111895	0	0	0	0	0	0	0	0	0	0	0	5033847	0	0	0	0
FFQ	37	0	0	52	0	0	0	0	0	0	0	0	44693	0	0	0	0	0	0	0	0	0	0	0	0	0	113059	0	0	0	0	0	0	0	0	0	0	0	5002065	0	0	0	0
FFQ	38	0	0	14	0	0	0	0	0	0	0	0	44799	0	0	0	0	0	0	0	0	0	0	0	0	0	112231	0	0	0	0	0	0	0	0	0	0	0	4969859	0	0	0	0
FFQ	39	0	0	163	0	0	0	0	0	0	0	0	46043	0	0	0	0	0	0	0	0	0	0	0	0	0	113815	0	0	0	0	0	0	0	0	0	0	0	4932047	0	0	0	0
FFQ	40	0	0	0	0	0	0	0	0	0	0	0	45550	0	0	0	0	0	0	0	0	0	0	0	0	0	112109	0	0	0	0	0	0	0	0	0	0	0	4897399	0	0	0	0
FFQ	41	0	0	109	0	0	0	0	0	0	0	0	45195	0	0	0	0	0	0	0	0	0	0	0	0	0	111855	0	0	0	0	0	0	0	0	0	0	0	4860590	0	0	0	0
FFQ	42	0	0	0	0	0	0	0	0	0	0	0	45821	0	0	0	0	0	0	0	0	0	0	0	0	0	111673	0	0	0	0	0	0	0	0	0	0	0	4821734	0	0	0	0
FFQ	43	0	0	2	0	0	0	0	0	0	0	0	45861	0	0	0	0	0	0	0	0	0	0	0	0	0	111751	0	0	0	0	0	0	0	0	0	0	0	4780559	0	0	0	0
FFQ	44	0	0	0	0	0	0	0	0	0	0	0	45867	0	0	0	0	0	0	0	0	0	0	0	0	0	111247	0	0	0	0	0	0	0	0	0	0	0	4737230	0	0	0	0
FFQ	45	0	0	1	0	0	0	0	0	0	0	0	46510	0	0	0	0	0	0	0	0	0	0	0	0	0	112044	0	0	0	0	0	0	0	0	0	0	0	4688606	0	0	0	0
FFQ	46	0	0	0	0	0	0	0	0	0	0	0	45633	0	0	0	0	0	0	0	0	0	0	0	0	0	111147	0	0	0	0	0	0	0	0	0	0	0	4639676	0	0	0	0
FFQ	47	0	0	0	0	0	0	0	0	0	0	0	44559	0	0	0	0	0	0	0	0	0	0	0	0	0	109166	0	0	0	0	0	0	0	0	0	0	0	4589594	0	0	0	0
FFQ	48	0	0	0	0	0	0	0	0	0	0	0	45534	0	0	0	0	0	0	0	0	0	0	0	0	0	109498	0	0	0	0	0	0	0	0	0	0	0	4532579	0	0	0	0
FFQ	49	0	0	0	0	0	0	0	0	0	0	0	45810	0	0	0	0	0	0	0	0	0	0	0	0	0	109999	0	0	0	0	0	0	0	0	0	0	0	4473769	0	0	0	0
FFQ	50	0	0	7	0	0	0	0	0	0	0	0	44361	0	0	0	0	0	0	0	0	0	0	0	0	0	107812	0	0	0	0	0	0	0	0	0	0	0	4418586	0	0	0	0
FFQ	51	0	0	0	0	0	0	0	0	0	0	0	45353	0	0	0	0	0	0	0	0	0	0	0	0	0	108958	0	0	0	0	0	0	0	0	0	0	0	4357386	0	0	0	0
FFQ	52	0	0	0	0	0	0	0	0	0	0	0	45777	0	0	0	0	0	0	0	0	0	0	0	0	0	108675	0	0	0	0	0	0	0	0	0	0	0	4297474	0	0	0	0
FFQ	53	0	0	0	0	0	0	0	0	0	0	0	44956	0	0	0	0	0	0	0	0	0	0	0	0	0	106723	0	0	0	0	0	0	0	0	0	0	0	4238693	0	0	0	0
FFQ	54	0	0	0	0	0	0	0	0	0	0	0	44304	0	0	0	0	0	0	0	0	0	0	0	0	0	105175	0	0	0	0	0	0	0	0	0	0	0	4177211	0	0	0	0
FFQ	55	0	0	0	0	0	0	0	0	0	0	0	45039	0	0	0	0	0	0	0	0	0	0	0	0	0	105865	0	0	0	0	0	0	0	0	0	0	0	4108173	0	0	0	0
FFQ	56	0	0	0	0	0	0	0	0	0	0	0	44279	0	0	0	0	0	0	0	0	0	0	0	0	0	104704	0	0	0	0	0	0	0	0	0	0	0	4039161	0	0	0	0
FFQ	57	0	0	0	0	0	0	0	0	0	0	0	44850	0	0	0	0	0	0	0	0	0	0	0	0	0	105302	0	0	0	0	0	0	0	0	0	0	0	3964344	0	0	0	0
FFQ	58	0	0	0	0	0	0	0	0	0	0	0	44109	0	0	0	0	0	0	0	0	0	0	0	0	0	104221	0	0	0	0	0	0	0	0	0	0	0	3891131	0	0	0	0
FFQ	59	0	0	0	0	0	0	0	0	0	0	0	44013	0	0	0	0	0	0	0	0	0	0	0	0	0	102571	0	0	0	0	0	0	0	0	0	0	0	3816358	0	0	0	0
FFQ	60	0	0	0	0	0	0	0	0	0	0	0	43038	0	0	0	0	0	0	0	0	0	0	0	0	0	101720	0	0	0	0	0	0	0	0	0	0	0	3738975	0	0	0	0
FFQ	61	0	0	1	0	0	0	0	0	0	0	0	43412	0	0	0	0	0	0	0	0	0	0	0	0	0	101123	0	0	0	0	0	0	0	0	0	0	0	3659400	0	0	0	0
FFQ	62	0	0	0	0	0	0	0	0	0	0	0	42991	0	0	0	0	0	0	0	0	0	0	0	0	0	98743	0	0	0	0	0	0	0	0	0	0	0	3587436	0	0	0	0
FFQ	63	0	0	0	0	0	0	0	0	0	0	0	42588	0	0	0	0	0	0	0	0	0	0	0	0	0	98191	0	0	0	0	0	0	0	0	0	0	0	3516302	0	0	0	0
FFQ	64	0	0	16	0	0	0	0	0	0	0	0	42707	0	0	0	0	0	0	0	0	0	0	0	0	0	98194	0	0	0	0	0	0	0	0	0	0	0	3443241	0	0	0	0
FFQ	65	0	0	0	0	0	0	0	0	0	0	0	41392	0	0	0	0	0	0	0	0	0	0	0	0	0	96162	0	0	0	0	0	0	0	0	0	0	0	3373008	0	0	0	0
FFQ	66	0	0	0	0	0	0	0	0	0	0	0	41021	0	0	0	0	0	0	0	0	0	0	0	0	0	94937	0	0	0	0	0	0	0	0	0	0	0	3299304	0	0	0	0
FFQ	67	0	0	0	0	0	0	0	0	0	0	0	40626	0	0	0	0	0	0	0	0	0	0	0	0	0	92751	0	0	0	0	0	0	0	0	0	0	0	3224848	0	0	0	0
FFQ	68	0	0	0	0	0	0	0	0	0	0	0	40117	0	0	0	0	0	0	0	0	0	0	0	0	0	91976	0	0	0	0	0	0	0	0	0	0	0	3148602	0	0	0	0
FFQ	69	0	0	0	0	0	0	0	0	0	0	0	39191	0	0	0	0	0	0	0	0	0	0	0	0	0	89869	0	0	0	0	0	0	0	0	0	0	0	3073648	0	0	0	0
FFQ	70	0	0	0	0	0	0	0	0	0	0	0	37998	0	0	0	0	0	0	0	0	0	0	0	0	0	86618	0	0	0	0	0	0	0	0	0	0	0	3000885	0	0	0	0
FFQ	71	0	0	0	0	0	0	0	0	0	0	0	37393	0	0	0	0	0	0	0	0	0	0	0	0	0	86080	0	0	0	0	0	0	0	0	0	0	0	2927048	0	0	0	0
FFQ	72	0	0	0	0	0	0	0	0	0	0	0	36612	0	0	0	0	0	0	0	0	0	0	0	0	0	83870	0	0	0	0	0	0	0	0	0	0	0	2858418	0	0	0	0
FFQ	73	0	0	0	0	0	0	0	0	0	0	0	36457	0	0	0	0	0	0	0	0	0	0	0	0	0	83871	0	0	0	0	0	0	0	0	0	0	0	2788122	0	0	0	0
FFQ	74	0	0	0	0	0	0	0	0	0	0	0	36481	0	0	0	0	0	0	0	0	0	0	0	0	0	82443	0	0	0	0	0	0	0	0	0	0	0	2719334	0	0	0	0
FFQ	75	0	0	0	0	0	0	0	0	0	0	0	35965	0	0	0	0	0	0	0	0	0	0	0	0	0	81170	0	0	0	0	0	0	0	0	0	0	0	2651216	0	0	0	0
FFQ	76	0	0	0	0	0	0	0	0	0	0	0	34591	0	0	0	0	0	0	0	0	0	0	0	0	0	78211	0	0	0	0	0	0	0	0	0	0	0	2585320	0	0	0	0
FFQ	77	0	0	0	0	0	0	0	0	0	0	0	35223	0	0	0	0	0	0	0	0	0	0	0	0	0	79119	0	0	0	0	0	0	0	0	0	0	0	2513249	0	0	0	0
FFQ	78	0	0	0	0	0	0	0	0	0	0	0	35638	0	0	0	0	0	0	0	0	0	0	0	0	0	79386	0	0	0	0	0	0	0	0	0	0	0	2441551	0	0	0	0
FFQ	79	0	0	0	0	0	0	0	0	0	0	0	33271	0	0	0	0	0	0	0	0	0	0	0	0	0	74197	0	0	0	0	0	0	0	0	0	0	0	2375527	0	0	0	0
FFQ	80	0	0	0	0	0	0	0	0	0	0	0	32372	0	0	0	0	0	0	0	0	0	0	0	0	0	71908	0	0	0	0	0	0	0	0	0	0	0	2303716	0	0	0	0
FFQ	81	0	0	0	0	0	0	0	0	0	0	0	31846	0	0	0	0	0	0	0	0	0	0	0	0	0	70905	0	0	0	0	0	0	0	0	0	0	0	2231316	0	0	0	0
FFQ	82	0	0	0	0	0	0	0	0	0	0	0	31120	0	0	0	0	0	0	0	0	0	0	0	0	0	68263	0	0	0	0	0	0	0	0	0	0	0	2163323	0	0	0	0
FFQ	83	0	0	0	0	0	0	0	0	0	0	0	30172	0	0	0	0	0	0	0	0	0	0	0	0	0	66170	0	0	0	0	0	0	0	0	0	0	0	2097358	0	0	0	0
FFQ	84	0	0	0	0	0	0	0	0	0	0	0	28525	0	0	0	0	0	0	0	0	0	0	0	0	0	63140	0	0	0	0	0	0	0	0	0	0	0	2033432	0	0	0	0
FFQ	85	0	0	0	0	0	0	0	0	0	0	0	28086	0	0	0	0	0	0	0	0	0	0	0	0	0	61108	0	0	0	0	0	0	0	0	0	0	0	1967494	0	0	0	0
FFQ	86	0	0	0	0	0	0	0	0	0	0	0	27635	0	0	0	0	0	0	0	0	0	0	0	0	0	59640	0	0	0	0	0	0	0	0	0	0	0	1900937	0	0	0	0
FFQ	87	0	0	0	0	0	0	0	0	0	0	0	26535	0	0	0	0	0	0	0	0	0	0	0	0	0	58108	0	0	0	0	0	0	0	0	0	0	0	1834930	0	0	0	0
FFQ	88	0	0	0	0	0	0	0	0	0	0	0	25905	0	0	0	0	0	0	0	0	0	0	0	0	0	55982	0	0	0	0	0	0	0	0	0	0	0	1767740	0	0	0	0
FFQ	89	0	0	45	0	0	0	0	0	0	0	0	24796	0	0	0	0	0	0	0	0	0	0	0	0	0	53920	0	0	0	0	0	0	0	0	0	0	0	1698674	0	0	0	0
FFQ	90	0	0	0	0	0	0	0	0	0	0	0	23919	0	0	0	0	0	0	0	0	0	0	0	0	0	50951	0	0	0	0	0	0	0	0	0	0	0	1627069	0	0	0	0
FFQ	91	0	0	0	0	0	0	0	0	0	0	0	22644	0	0	0	0	0	0	0	0	0	0	0	0	0	48865	0	0	0	0	0	0	0	0	0	0	0	1555865	0	0	0	0
FFQ	92	0	0	0	0	0	0	0	0	0	0	0	22434	0	0	0	0	0	0	0	0	0	0	0	0	0	48000	0	0	0	0	0	0	0	0	0	0	0	1488590	0	0	0	0
FFQ	93	0	0	0	0	0	0	0	0	0	0	0	22684	0	0	0	0	0	0	0	0	0	0	0	0	0	47392	0	0	0	0	0	0	0	0	0	0	0	1423882	0	0	0	0
FFQ	94	0	0	0	0	0	0	0	0	0	0	0	21615	0	0	0	0	0	0	0	0	0	0	0	0	0	44995	0	0	0	0	0	0	0	0	0	0	0	1364334	0	0	0	0
FFQ	95	0	0	0	0	0	0	0	0	0	0	0	20441	0	0	0	0	0	0	0	0	0	0	0	0	0	41942	0	0	0	0	0	0	0	0	0	0	0	1307282	0	0	0	0
FFQ	96	0	0	0	0	0	0	0	0	0	0	0	19857	0	0	0	0	0	0	0	0	0	0	0	0	0	41236	0	0	0	0	0	0	0	0	0	0	0	1248078	0	0	0	0
FFQ	97	0	0	0	0	0	0	0	0	0	0	0	19283	0	0	0	0	0	0	0	0	0	0	0	0	0	39329	0	0	0	0	0	0	0	0	0	0	0	1190811	0	0	0	0
FFQ	98	0	0	0	0	0	0	0	0	0	0	0	17524	0	0	0	0	0	0	0	0	0	0	0	0	0	36322	0	0	0	0	0	0	0	0	0	0	0	1135941	0	0	0	0
FFQ	99	0	0	0	0	0	0	0	0	0	0	0	16495	0	0	0	0	0	0	0	0	0	0	0	0	0	34473	0	0	0	0	0	0	0	0	0	0	0	1078696	0	0	0	0
FFQ	100	0	0	0	0	0	0	0	0	0	0	0	16118	0	0	0	0	0	0	0	0	0	0	0	0	0	33237	0	0	0	0	0	0	0	0	0	0	0	1020344	0	0	0	0
FFQ	101	0	0	0	0	0	0	0	0	0	0	0	15202	0	0	0	0	0	0	0	0	0	0	0	0	0	31023	0	0	0	0	0	0	0	0	0	0	0	963062	0	0	0	0
FFQ	102	0	0	0	0	0	0	0	0	0	0	0	14192	0	0	0	0	0	0	0	0	0	0	0	0	0	28539	0	0	0	0	0	0	0	0	0	0	0	906328	0	0	0	0
FFQ	103	0	0	0	0	0	0	0	0	0	0	0	13388	0	0	0	0	0	0	0	0	0	0	0	0	0	26748	0	0	0	0	0	0	0	0	0	0	0	848895	0	0	0	0
FFQ	104	0	0	0	0	0	0	0	0	0	0	0	12476	0	0	0	0	0	0	0	0	0	0	0	0	0	24988	0	0	0	0	0	0	0	0	0	0	0	792330	0	0	0	0
FFQ	105	0	0	0	0	0	0	0	0	0	0	0	11843	0	0	0	0	0	0	0	0	0	0	0	0	0	23568	0	0	0	0	0	0	0	0	0	0	0	737137	0	0	0	0
FFQ	106	0	0	0	0	0	0	0	0	0	0	0	11165	0	0	0	0	0	0	0	0	0	0	0	0	0	22515	0	0	0	0	0	0	0	0	0	0	0	682184	0	0	0	0
FFQ	107	0	0	0	0	0	0	0	0	0	0	0	10749	0	0	0	0	0	0	0	0	0	0	0	0	0	21405	0	0	0	0	0	0	0	0	0	0	0	627659	0	0	0	0
FFQ	108	0	0	0	0	0	0	0	0	0	0	0	9730	0	0	0	0	0	0	0	0	0	0	0	0	0	18911	0	0	0	0	0	0	0	0	0	0	0	574442	0	0	0	0
FFQ	109	0	0	0	0	0	0	0	0	0	0	0	8509	0	0	0	0	0	0	0	0	0	0	0	0	0	16775	0	0	0	0	0	0	0	0	0	0	0	519613	0	0	0	0
FFQ	110	0	0	0	0	0	0	0	0	0	0	0	7806	0	0	0	0	0	0	0	0	0	0	0	0	0	15506	0	0	0	0	0	0	0	0	0	0	0	463214	0	0	0	0
FFQ	111	0	0	0	0	0	0	0	0	0	0	0	6513	0	0	0	0	0	0	0	0	0	0	0	0	0	13292	0	0	0	0	0	0	0	0	0	0	0	409876	0	0	0	0
FFQ	112	0	0	0	0	0	0	0	0	0	0	0	5728	0	0	0	0	0	0	0	0	0	0	0	0	0	11715	0	0	0	0	0	0	0	0	0	0	0	358189	0	0	0	0
FFQ	113	0	0	0	0	0	0	0	0	0	0	0	5102	0	0	0	0	0	0	0	0	0	0	0	0	0	10372	0	0	0	0	0	0	0	0	0	0	0	308228	0	0	0	0
FFQ	114	0	0	1	0	0	0	0	0	0	0	0	4527	0	0	0	0	0	0	0	0	0	0	0	0	0	9036	0	0	0	0	0	0	0	0	0	0	0	260671	0	0	0	0
FFQ	115	0	0	0	0	0	0	0	0	0	0	0	3590	0	0	0	0	0	0	0	0	0	0	0	0	0	7303	0	0	0	0	0	0	0	0	0	0	0	215858	0	0	0	0
FFQ	116	0	0	0	0	0	0	0	0	0	0	0	2892	0	0	0	0	0	0	0	0	0	0	0	0	0	5756	0	0	0	0	0	0	0	0	0	0	0	171439	0	0	0	0
FFQ	117	0	0	0	0	0	0	0	0	0	0	0	2274	0	0	0	0	0	0	0	0	0	0	0	0	0	4286	0	0	0	0	0	0	0	0	0	0	0	127827	0	0	0	0
FFQ	118	0	0	0	0	0	0	0	0	0	0	0	1554	0	0	0	0	0	0	0	0	0	0	0	0	0	3041	0	0	0	0	0	0	0	0	0	0	0	84787	0	0	0	0
FFQ	119	0	0	0	0	0	0	0	0	0	0	0	762	0	0	0	0	0	0	0	0	0	0	0	0	0	1470	0	0	0	0	0	0	0	0	0	0	0	41831	0	0	0	0
FFQ	120	0	0	0	0	0	0	0	0	0	0	0	0	0	0	0	0	0	0	0	0	0	0	0	0	0	0	0	0	0	0	0	0	0	0	0	0	0	0	0	0	0	0
# Last Fragment Qualitites. Use `grep ^LFQ | cut -f 2-` to extract this part.
# Columns correspond to qualities and rows to cycles. First column is the cycle number.
LFQ	1	0	0	7	0	0	0	0	0	0	0	0	26424	0	0	0	0	0	0	0	0	0	0	0	0	0	81279	0	0	0	0	0	0	0	0	0	0	0	5271445	0	0	0	0
LFQ	2	0	0	0	0	0	0	0	0	0	0	0	20681	0	0	0	0	0	0	0	0	0	0	0	0	0	68593	0	0	0	0	0	0	0	0	0	0	0	5289881	0	0	0	0
LFQ	3	0	0	87	0	0	0	0	0	0	0	0	20941	0	0	0	0	0	0	0	0	0	0	0	0	0	67252	0	0	0	0	0	0	0	0	0	0	0	5290875	0	0	0	0
LFQ	4	0	0	0	0	0	0	0	0	0	0	0	22361	0	0	0	0	0	0	0	0	0	0	0	0	0	73140	0	0	0	0	0	0	0	0	0	0	0	5283654	0	0	0	0
LFQ	5	0	0	31	0	0	0	0	0	0	0	0	24433	0	0	0	0	0	0	0	0	0	0	0	0	0	79233	0	0	0	0	0	0	0	0	0	0	0	5275458	0	0	0	0
LFQ	6	0	0	1	0	0	0	0	0	0	0	0	23034	0	0	0	0	0	0	0	0	0	0	0	0	0	74879	0	0	0	0	0	0	0	0	0	0	0	5281241	0	0	0	0
LFQ	7	0	0	0	0	0	0	0	0	0	0	0	25721	0	0	0	0	0	0	0	0	0	0	0	0	0	80003	0	0	0	0	0	0	0	0	0	0	0	5273431	0	0	0	0
LFQ	8	0	0	2	0	0	0	0	0	0	0	0	23602	0	0	0	0	0	0	0	0	0	0	0	0	0	76321	0	0	0	0	0	0	0	0	0	0	0	5279230	0	0	0	0
LFQ	9	0	0	0	0	0	0	0	0	0	0	0	21731	0	0	0	0	0	0	0	0	0	0	0	0	0	74379	0	0	0	0	0	0	0	0	0	0	0	5283045	0	0	0	0
LFQ	10	0	0	0	0	0	0	0	0	0	0	0	22746	0	0	0	0	0	0	0	0	0	0	0	0	0	77599	0	0	0	0	0	0	0	0	0	0	0	5278810	0	0	0	0
LFQ	11	0	0	75	0	0	0	0	0	0	0	0	21968	0	0	0	0	0	0	0	0	0	0	0	0	0	73792	0	0	0	0	0	0	0	0	0	0	0	5283320	0	0	0	0
LFQ	12	0	0	0	0	0	0	0	0	0	0	0	23364	0	0	0	0	0	0	0	0	0	0	0	0	0	77988	0	0	0	0	0	0	0	0	0	0	0	5277803	0	0	0	0
LFQ	13	0	0	56	0	0	0	0	0	0	0	0	23903	0	0	0	0	0	0	0	0	0	0	0	0	0	77557	0	0	0	0	0	0	0	0	0	0	0	5277639	0	0	0	0
LFQ	14	0	0	0	0	0	0	0	0	0	0	0	24278	0	0	0	0	0	0	0	0	0	0	0	0	0	79908	0	0	0	0	0	0	0	0	0	0	0	5274969	0	0	0	0
LFQ	15	0	0	0	0	0	0	0	0	0	0	0	23300	0	0	0	0	0	0	0	0	0	0	0	0	0	79019	0	0	0	0	0	0	0	0	0	0	0	5276836	0	0	0	0
LFQ	16	0	0	1	0	0	0	0	0	0	0	0	23122	0	0	0	0	0	0	0	0	0	0	0	0	0	78469	0	0	0	0	0	0	0	0	0	0	0	5277563	0	0	0	0
LFQ	17	0	0	0	0	0	0	0	0	0	0	0	23102	0	0	0	0	0	0	0	0	0	0	0	0	0	79484	0	0	0	0	0	0	0	0	0	0	0	5276569	0	0	0	0
LFQ	18	0	0	0	0	0	0	0	0	0	0	0	24838	0	0	0	0	0	0	0	0	0	0	0	0	0	83079	0	0	0	0	0	0	0	0	0	0	0	5271238	0	0	0	0
LFQ	19	0	0	20	0	0	0	0	0	0	0	0	26605	0	0	0	0	0	0	0	0	0	0	0	0	0	84806	0	0	0	0	0	0	0	0	0	0	0	5267724	0	0	0	0
LFQ	20	0	0	0	0	0	0	0	0	0	0	0	25535	0	0	0	0	0	0	0	0	0	0	0	0	0	82563	0	0	0	0	0	0	0	0	0	0	0	5271057	0	0	0	0
LFQ	21	0	0	0	0	0	0	0	0	0	0	0	24480	0	0	0	0	0	0	0	0	0	0	0	0	0	81377	0	0	0	0	0	0	0	0	0	0	0	5273298	0	0	0	0
LFQ	22	0	0	0	0	0	0	0	0	0	0	0	25472	0	0	0	0	0	0	0	0	0	0	0	0	0	83762	0	0	0	0	0	0	0	0	0	0	0	5269921	0	0	0	0
LFQ	23	0	0	0	0	0	0	0	0	0	0	0	26700	0	0	0	0	0	0	0	0	0	0	0	0	0	85402	0	0	0	0	0	0	0	0	0	0	0	5261303	0	0	0	0
LFQ	24	0	0	0	0	0	0	0	0	0	0	0	26758	0	0	0	0	0	0	0	0	0	0	0	0	0	87741	0	0	0	0	0	0	0	0	0	0	0	5252997	0	0	0	0
LFQ	25	0	0	20	0	0	0	0	0	0	0	0	29094	0	0	0	0	0	0	0	0	0	0	0	0	0	90772	0	0	0	0	0	0	0	0	0	0	0	5240446	0	0	0	0
LFQ	26	0	0	0	0	0	0	0	0	0	0	0	28859	0	0	0	0	0	0	0	0	0	0	0	0	0	92509	0	0	0	0	0	0	0	0	0	0	0	5230346	0	0	0	0
LFQ	27	0	0	0	0	0	0	0	0	0	0	0	31869	0	0	0	0	0	0	0	0	0	0	0	0	0	96583	0	0	0	0	0	0	0	0	0	0	0	5213494	0	0	0	0
LFQ	28	0	0	5	0	0	0	0	0	0	0	0	33216	0	0	0	0	0	0	0	0	0	0	0	0	0	99606	0	0	0	0	0	0	0	0	0	0	0	5198560	0	0	0	0
LFQ	29	0	0	0	0	0	0	0	0	0	0	0	30153	0	0	0	0	0	0	0	0	0	0	0	0	0	95502	0	0	0	0	0	0	0	0	0	0	0	5194876	0	0	0	0
LFQ	30	0	0	0	0	0	0	0	0	0	0	0	30606	0	0	0	0	0	0	0	0	0	0	0	0	0	96393	0	0	0	0	0	0	0	0	0	0	0	5182093	0	0	0	0
LFQ	31	0	0	21	0	0	0	0	0	0	0	0	32130	0	0	0	0	0	0	0	0	0	0	0	0	0	99048	0	0	0	0	0	0	0	0	0	0	0	5165409	0	0	0	0
LFQ	32	0	0	0	0	0	0	0	0	0	0	0	33604	0	0	0	0	0	0	0	0	0	0	0	0	0	98782	0	0	0	0	0	0	0	0	0	0	0	5149319	0	0	0	0
LFQ	33	0	0	6	0	0	0	0	0	0	0	0	32554	0	0	0	0	0	0	0	0	0	0	0	0	0	99684	0	0	0	0	0	0	0	0	0	0	0	5131619	0	0	0	0
LFQ	34	0	0	0	0	0	0	0	0	0	0	0	31136	0	0	0	0	0	0	0	0	0	0	0	0	0	97174	0	0	0	0	0	0	0	0	0	0	0	5114561	0	0	0	0
LFQ	35	0	0	0	0	0	0	0	0	0	0	0	32615	0	0	0	0	0	0	0	0	0	0	0	0	0	97635	0	0	0	0	0	0	0	0	0	0	0	5088463	0	0	0	0
LFQ	36	0	0	13	0	0	0	0	0	0	0	0	33379	0	0	0	0	0	0	0	0	0	0	0	0	0	98969	0	0	0	0	0	0	0	0	0	0	0	5059089	0	0	0	0
LFQ	37	0	0	23	0	0	0	0	0	0	0	0	32682	0	0	0	0	0	0	0	0	0	0	0	0	0	98522	0	0	0	0	0	0	0	0	0	0	0	5029571	0	0	0	0
LFQ	38	0	0	0	0	0	0	0	0	0	0	0	32402	0	0	0	0	0	0	0	0	0	0	0	0	0	98967	0	0	0	0	0	0	0	0	0	0	0	4996467	0	0	0	0
LFQ	39	0	0	0	0	0	0	0	0	0	0	0	32881	0	0	0	0	0	0	0	0	0	0	0	0	0	98516	0	0	0	0	0	0	0	0	0	0	0	4961621	0	0	0	0
LFQ	40	0	0	1	0	0	0	0	0	0	0	0	34769	0	0	0	0	0	0	0	0	0	0	0	0	0	101294	0	0	0	0	0	0	0	0	0	0	0	4919947	0	0	0	0
LFQ	41	0	0	0	0	0	0	0	0	0	0	0	33830	0	0	0	0	0	0	0	0	0	0	0	0	0	99542	0	0	0	0	0	0	0	0	0	0	0	4885328	0	0	0	0
LFQ	42	0	0	6	0	0	0	0	0	0	0	0	34634	0	0	0	0	0	0	0	0	0	0	0	0	0	101330	0	0	0	0	0	0	0	0	0	0	0	4844208	0	0	0	0
LFQ	43	0	0	3	0	0	0	0	0	0	0	0	34204	0	0	0	0	0	0	0	0	0	0	0	0	0	99125	0	0	0	0	0	0	0	0	0	0	0	4805793	0	0	0	0
LFQ	44	0	0	19	0	0	0	0	0	0	0	0	32554	0	0	0	0	0	0	0	0	0	0	0	0	0	97034	0	0	0	0	0	0	0	0	0	0	0	4765690	0	0	0	0
LFQ	45	0	0	2	0	0	0	0	0	0	0	0	34023	0	0	0	0	0	0	0	0	0	0	0	0	0	97580	0	0	0	0	0	0	0	0	0	0	0	4716510	0	0	0	0
LFQ	46	0	0	0	0	0	0	0	0	0	0	0	34308	0	0	0	0	0	0	0	0	0	0	0	0	0	98274	0	0	0	0	0	0	0	0	0	0	0	4664832	0	0	0	0
LFQ	47	0	0	42	0	0	0	0	0	0	0	0	35180	0	0	0	0	0	0	0	0	0	0	0	0	0	100681	0	0	0	0	0	0	0	0	0	0	0	4608377	0	0	0	0
LFQ	48	0	0	1	0	0	0	0	0	0	0	0	35086	0	0	0	0	0	0	0	0	0	0	0	0	0	99968	0	0	0	0	0	0	0	0	0	0	0	4553540	0	0	0	0
LFQ	49	0	0	45	0	0	0	0	0	0	0	0	35201	0	0	0	0	0	0	0	0	0	0	0	0	0	99743	0	0	0	0	0	0	0	0	0	0	0	4495560	0	0	0	0
LFQ	50	0	0	231	0	0	0	0	0	0	0	0	35310	0	0	0	0	0	0	0	0	0	0	0	0	0	99226	0	0	0	0	0	0	0	0	0	0	0	4436963	0	0	0	0
LFQ	51	0	0	12	0	0	0	0	0	0	0	0	34457	0	0	0	0	0	0	0	0	0	0	0	0	0	99027	0	0	0	0	0	0	0	0	0	0	0	4379180	0	0	0	0
LFQ	52	0	0	0	0	0	0	0	0	0	0	0	35401	0	0	0	0	0	0	0	0	0	0	0	0	0	99757	0	0	0	0	0	0	0	0	0	0	0	4317739	0	0	0	0
LFQ	53	0	0	1	0	0	0	0	0	0	0	0	37162	0	0	0	0	0	0	0	0	0	0	0	0	0	102878	0	0	0	0	0	0	0	0	0	0	0	4251306	0	0	0	0
LFQ	54	0	0	0	0	0	0	0	0	0	0	0	34725	0	0	0	0	0	0	0	0	0	0	0	0	0	98202	0	0	0	0	0	0	0	0	0	0	0	4194776	0	0	0	0
LFQ	55	0	0	0	0	0	0	0	0	0	0	0	36199	0	0	0	0	0	0	0	0	0	0	0	0	0	97794	0	0	0	0	0	0	0	0	0	0	0	4126089	0	0	0	0
LFQ	56	0	0	0	0	0	0	0	0	0	0	0	35727	0	0	0	0	0	0	0	0	0	0	0	0	0	98640	0	0	0	0	0	0	0	0	0	0	0	4054785	0	0	0	0
LFQ	57	0	0	0	0	0	0	0	0	0	0	0	33752	0	0	0	0	0	0	0	0	0	0	0	0	0	95415	0	0	0	0	0	0	0	0	0	0	0	3986345	0	0	0	0
LFQ	58	0	0	1	0	0	0	0	0	0	0	0	34540	0	0	0	0	0	0	0	0	0	0	0	0	0	95328	0	0	0	0	0	0	0	0	0	0	0	3910628	0	0	0	0
LFQ	59	0	0	0	0	0	0	0	0	0	0	0	32752	0	0	0	0	0	0	0	0	0	0	0	0	0	91811	0	0	0	0	0	0	0	0	0	0	0	3839423	0	0	0	0
LFQ	60	0	0	10	0	0	0	0	0	0	0	0	34045	0	0	0	0	0	0	0	0	0	0	0	0	0	90464	0	0	0	0	0	0	0	0	0	0	0	3760255	0	0	0	0
LFQ	61	0	0	0	0	0	0	0	0	0	0	0	33119	0	0	0	0	0	0	0	0	0	0	0	0	0	89316	0	0	0	0	0	0	0	0	0	0	0	3682559	0	0	0	0
LFQ	62	0	0	0	0	0	0	0	0	0	0	0	34355	0	0	0	0	0	0	0	0	0	0	0	0	0	90021	0	0	0	0	0	0	0	0	0	0	0	3605860	0	0	0	0
LFQ	63	0	0	0	0	0	0	0	0	0	0	0	34049	0	0	0	0	0	0	0	0	0	0	0	0	0	90489	0	0	0	0	0	0	0	0	0	0	0	3533621	0	0	0	0
LFQ	64	0	0	0	0	0	0	0	0	0	0	0	32082	0	0	0	0	0	0	0	0	0	0	0	0	0	88784	0	0	0	0	0	0	0	0	0	0	0	3464381	0	0	0	0
LFQ	65	0	0	5	0	0	0	0	0	0	0	0	33743	0	0	0	0	0	0	0	0	0	0	0	0	0	88126	0	0	0	0	0	0	0	0	0	0	0	3389778	0	0	0	0
LFQ	66	0	0	14	0	0	0	0	0	0	0	0	32170	0	0	0	0	0	0	0	0	0	0	0	0	0	86302	0	0	0	0	0	0	0	0	0	0	0	3317878	0	0	0	0
LFQ	67	0	0	2	0	0	0	0	0	0	0	0	32832	0	0	0	0	0	0	0	0	0	0	0	0	0	85357	0	0	0	0	0	0	0	0	0	0	0	3241155	0	0	0	0
LFQ	68	0	0	0	0	0	0	0	0	0	0	0	29886	0	0	0	0	0	0	0	0	0	0	0	0	0	81604	0	0	0	0	0	0	0	0	0	0	0	3170335	0	0	0	0
LFQ	69	0	0	0	0	0	0	0	0	0	0	0	32278	0	0	0	0	0	0	0	0	0	0	0	0	0	83427	0	0	0	0	0	0	0	0	0	0	0	3088161	0	0	0	0
LFQ	70	0	0	0	0	0	0	0	0	0	0	0	29465	0	0	0	0	0	0	0	0	0	0	0	0	0	79434	0	0	0	0	0	0	0	0	0	0	0	3017748	0	0	0	0
LFQ	71	0	0	0	0	0	0	0	0	0	0	0	29153	0	0	0	0	0	0	0	0	0	0	0	0	0	77219	0	0	0	0	0	0	0	0	0	0	0	2945301	0	0	0	0
LFQ	72	0	0	1	0	0	0	0	0	0	0	0	28114	0	0	0	0	0	0	0	0	0	0	0	0	0	76036	0	0	0	0	0	0	0	0	0	0	0	2875887	0	0	0	0
LFQ	73	0	0	164	0	0	0	0	0	0	0	0	27850	0	0	0	0	0	0	0	0	0	0	0	0	0	75220	0	0	0	0	0	0	0	0	0	0	0	2806359	0	0	0	0
LFQ	74	0	0	1	0	0	0	0	0	0	0	0	29761	0	0	0	0	0	0	0	0	0	0	0	0	0	76577	0	0	0	0	0	0	0	0	0	0	0	2733055	0	0	0	0
LFQ	75	0	0	0	0	0	0	0	0	0	0	0	28991	0	0	0	0	0	0	0	0	0	0	0	0	0	75079	0	0	0	0	0	0	0	0	0	0	0	2665417	0	0	0	0
LFQ	76	0	0	0	0	0	0	0	0	0	0	0	27853	0	0	0	0	0	0	0	0	0	0	0	0	0	70770	0	0	0	0	0	0	0	0	0	0	0	2600593	0	0	0	0
LFQ	77	0	0	0	0	0	0	0	0	0	0	0	27366	0	0	0	0	0	0	0	0	0	0	0	0	0	71341	0	0	0	0	0	0	0	0	0	0	0	2529926	0	0	0	0
LFQ	78	0	0	2	0	0	0	0	0	0	0	0	28686	0	0	0	0	0	0	0	0	0	0	0	0	0	74229	0	0	0	0	0	0	0	0	0	0	0	2454659	0	0	0	0
LFQ	79	0	0	318	0	0	0	0	0	0	0	0	29109	0	0	0	0	0	0	0	0	0	0	0	0	0	72176	0	0	0	0	0	0	0	0	0	0	0	2382350	0	0	0	0
LFQ	80	0	0	0	0	0	0	0	0	0	0	0	26430	0	0	0	0	0	0	0	0	0	0	0	0	0	67023	0	0	0	0	0	0	0	0	0	0	0	2315443	0	0	0	0
LFQ	81	0	0	1	0	0	0	0	0	0	0	0	27334	0	0	0	0	0	0	0	0	0	0	0	0	0	68919	0	0	0	0	0	0	0	0	0	0	0	2238676	0	0	0	0
LFQ	82	0	0	6	0	0	0	0	0	0	0	0	26460	0	0	0	0	0	0	0	0	0	0	0	0	0	66348	0	0	0	0	0	0	0	0	0	0	0	2170773	0	0	0	0
LFQ	83	0	0	3	0	0	0	0	0	0	0	0	23740	0	0	0	0	0	0	0	0	0	0	0	0	0	60930	0	0	0	0	0	0	0	0	0	0	0	2109903	0	0	0	0
LFQ	84	0	0	54	0	0	0	0	0	0	0	0	24851	0	0	0	0	0	0	0	0	0	0	0	0	0	61881	0	0	0	0	0	0	0	0	0	0	0	2039203	0	0	0	0
LFQ	85	0	0	9	0	0	0	0	0	0	0	0	25808	0	0	0	0	0	0	0	0	0	0	0	0	0	62901	0	0	0	0	0	0	0	0	0	0	0	1968885	0	0	0	0
LFQ	86	0	0	3	0	0	0	0	0	0	0	0	25377	0	0	0	0	0	0	0	0	0	0	0	0	0	61177	0	0	0	0	0	0	0	0	0	0	0	1902541	0	0	0	0
LFQ	87	0	0	0	0	0	0	0	0	0	0	0	24044	0	0	0	0	0	0	0	0	0	0	0	0	0	58356	0	0	0	0	0	0	0	0	0	0	0	1838001	0	0	0	0
LFQ	88	0	0	2	0	0	0	0	0	0	0	0	22296	0	0	0	0	0	0	0	0	0	0	0	0	0	55788	0	0	0	0	0	0	0	0	0	0	0	1772353	0	0	0	0
LFQ	89	0	0	0	0	0	0	0	0	0	0	0	21628	0	0	0	0	0	0	0	0	0	0	0	0	0	52911	0	0	0	0	0	0	0	0	0	0	0	1703683	0	0	0	0
LFQ	90	0	0	1	0	0	0	0	0	0	0	0	21153	0	0	0	0	0	0	0	0	0	0	0	0	0	51661	0	0	0	0	0	0	0	0	0	0	0	1629815	0	0	0	0
LFQ	91	0	0	0	0	0	0	0	0	0	0	0	21528	0	0	0	0	0	0	0	0	0	0	0	0	0	51704	0	0	0	0	0	0	0	0	0	0	0	1554789	0	0	0	0
LFQ	92	0	0	1	0	0	0	0	0	0	0	0	21780	0	0	0	0	0	0	0	0	0	0	0	0	0	51569	0	0	0	0	0	0	0	0	0	0	0	1486264	0	0	0	0
LFQ	93	0	0	0	0	0	0	0	0	0	0	0	21638	0	0	0	0	0	0	0	0	0	0	0	0	0	51302	0	0	0	0	0	0	0	0	0	0	0	1421537	0	0	0	0
LFQ	94	0	0	1	0	0	0	0	0	0	0	0	20270	0	0	0	0	0	0	0	0	0	0	0	0	0	48173	0	0	0	0	0	0	0	0	0	0	0	1362919	0	0	0	0
LFQ	95	0	0	0	0	0	0	0	0	0	0	0	18583	0	0	0	0	0	0	0	0	0	0	0	0	0	43845	0	0	0	0	0	0	0	0	0	0	0	1307612	0	0	0	0
LFQ	96	0	0	1	0	0	0	0	0	0	0	0	17616	0	0	0	0	0	0	0	0	0	0	0	0	0	41965	0	0	0	0	0	0	0	0	0	0	0	1249872	0	0	0	0
LFQ	97	0	0	0	0	0	0	0	0	0	0	0	17081	0	0	0	0	0	0	0	0	0	0	0	0	0	40228	0	0	0	0	0	0	0	0	0	0	0	1192320	0	0	0	0
LFQ	98	0	0	1	0	0	0	0	0	0	0	0	16136	0	0	0	0	0	0	0	0	0	0	0	0	0	38913	0	0	0	0	0	0	0	0	0	0	0	1134905	0	0	0	0
LFQ	99	0	0	26	0	0	0	0	0	0	0	0	16442	0	0	0	0	0	0	0	0	0	0	0	0	0	38036	0	0	0	0	0	0	0	0	0	0	0	1075260	0	0	0	0
LFQ	100	0	0	5	0	0	0	0	0	0	0	0	15466	0	0	0	0	0	0	0	0	0	0	0	0	0	35961	0	0	0	0	0	0	0	0	0	0	0	1018342	0	0	0	0
LFQ	101	0	0	17	0	0	0	0	0	0	0	0	14169	0	0	0	0	0	0	0	0	0	0	0	0	0	33288	0	0	0	0	0	0	0	0	0	0	0	961813	0	0	0	0
LFQ	102	0	0	0	0	0	0	0	0	0	0	0	13664	0	0	0	0	0	0	0	0	0	0	0	0	0	32825	0	0	0	0	0	0	0	0	0	0	0	902549	0	0	0	0
LFQ	103	0	0	5	0	0	0	0	0	0	0	0	14708	0	0	0	0	0	0	0	0	0	0	0	0	0	33303	0	0	0	0	0	0	0	0	0	0	0	840997	0	0	0	0
LFQ	104	0	0	0	0	0	0	0	0	0	0	0	13267	0	0	0	0	0	0	0	0	0	0	0	0	0	30220	0	0	0	0	0	0	0	0	0	0	0	786243	0	0	0	0
LFQ	105	0	0	0	0	0	0	0	0	0	0	0	12084	0	0	0	0	0	0	0	0	0	0	0	0	0	27523	0	0	0	0	0	0	0	0	0	0	0	732862	0	0	0	0
LFQ	106	0	0	6	0	0	0	0	0	0	0	0	11241	0	0	0	0	0	0	0	0	0	0	0	0	0	25805	0	0	0	0	0	0	0	0	0	0	0	678713	0	0	0	0
LFQ	107	0	0	0	0	0	0	0	0	0	0	0	10409	0	0	0	0	0	0	0	0	0	0	0	0	0	23418	0	0	0	0	0	0	0	0	0	0	0	625844	0	0	0	0
LFQ	108	0	0	1	0	0	0	0	0	0	0	0	9165	0	0	0	0	0	0	0	0	0	0	0	0	0	20766	0	0	0	0	0	0	0	0	0	0	0	572990	0	0	0	0
LFQ	109	0	0	0	0	0	0	0	0	0	0	0	8271	0	0	0	0	0	0	0	0	0	0	0	0	0	18756	0	0	0	0	0	0	0	0	0	0	0	517651	0	0	0	0
LFQ	110	0	0	0	0	0	0	0	0	0	0	0	7569	0	0	0	0	0	0	0	0	0	0	0	0	0	17115	0	0	0	0	0	0	0	0	0	0	0	461682	0	0	0	0
LFQ	111	0	0	0	0	0	0	0	0	0	0	0	6708	0	0	0	0	0	0	0	0	0	0	0	0	0	15155	0	0	0	0	0	0	0	0	0	0	0	407705	0	0	0	0
LFQ	112	0	0	1	0	0	0	0	0	0	0	0	5746	0	0	0	0	0	0	0	0	0	0	0	0	0	13388	0	0	0	0	0	0	0	0	0	0	0	356396	0	0	0	0
LFQ	113	0	0	0	0	0	0	0	0	0	0	0	5522	0	0	0	0	0	0	0	0	0	0	0	0	0	12103	0	0	0	0	0	0	0	0	0	0	0	306020	0	0	0	0
LFQ	114	0	0	0	0	0	0	0	0	0	0	0	4516	0	0	0	0	0	0	0	0	0	0	0	0	0	9982	0	0	0	0	0	0	0	0	0	0	0	259700	0	0	0	0
LFQ	115	0	0	0	0	0	0	0	0	0	0	0	3630	0	0	0	0	0	0	0	0	0	0	0	0	0	8063	0	0	0	0	0	0	0	0	0	0	0	215049	0	0	0	0
LFQ	116	0	0	0	0	0	0	0	0	0	0	0	2912	0	0	0	0	0	0	0	0	0	0	0	0	0	6435	0	0	0	0	0	0	0	0	0	0	0	170802	0	0	0	0
LFQ	117	0	0	0	0	0	0	0	0	0	0	0	2013	0	0	0	0	0	0	0	0	0	0	0	0	0	4823	0	0	0	0	0	0	0	0	0	0	0	127623	0	0	0	0
LFQ	118	0	0	0	0	0	0	0	0	0	0	0	1417	0	0	0	0	0	0	0	0	0	0	0	0	0	3119	0	0	0	0	0	0	0	0	0	0	0	84893	0	0	0	0
LFQ	119	0	0	0	0	0	0	0	0	0	0	0	722	0	0	0	0	0	0	0	0	0	0	0	0	0	1578	0	0	0	0	0	0	0	0	0	0	0	41773	0	0	0	0
LFQ	120	0	0	0	0	0	0	0	0	0	0	0	0	0	0	0	0	0	0	0	0	0	0	0	0	0	0	0	0	0	0	0	0	0	0	0	0	0	0	0	0	0	0
# GC Content of first fragments. Use `grep ^GCF | cut -f 2-` to extract this part.
GCF	0.25	39
GCF	0.75	38
GCF	1.26	39
GCF	1.76	52
GCF	2.26	72
GCF	2.76	104
GCF	3.27	131
GCF	3.77	150
GCF	4.27	168
GCF	4.77	207
GCF	5.28	233
GCF	5.78	259
GCF	6.28	327
GCF	6.78	384
GCF	7.29	468
GCF	7.79	560
GCF	8.29	637
GCF	8.79	753
GCF	9.30	911
GCF	9.80	1076
GCF	10.30	1268
GCF	10.80	1475
GCF	11.31	1790
GCF	11.81	2073
GCF	12.31	2573
GCF	12.81	3010
GCF	13.32	3610
GCF	13.82	4357
GCF	14.32	5043
GCF	14.82	6018
GCF	15.33	7245
GCF	15.83	8646
GCF	16.33	10055
GCF	16.83	12279
GCF	17.34	14118
GCF	17.84	16618
GCF	18.34	19418
GCF	18.84	22689
GCF	19.35	26473
GCF	19.85	31368
GCF	20.35	35818
GCF	20.85	40775
GCF	21.36	46176
GCF	21.86	52443
GCF	22.36	58841
GCF	22.86	66546
GCF	23.37	73859
GCF	23.87	82210
GCF	24.37	91399
GCF	24.87	101447
GCF	25.38	108995
GCF	25.88	118978
GCF	26.38	128463
GCF	26.88	139361
GCF	27.39	149561
GCF	27.89	160276
GCF	28.39	171102
GCF	28.89	180133
GCF	29.40	190398
GCF	29.90	198839
GCF	30.40	208616
GCF	30.90	216707
GCF	31.41	224923
GCF	31.91	233523
GCF	32.41	241286
GCF	32.91	246851
GCF	33.42	254545
GCF	33.92	260125
GCF	34.42	265381
GCF	34.92	268516
GCF	35.43	272004
GCF	35.93	274696
GCF	36.43	277501
GCF	36.93	279345
GCF	37.44	280402
GCF	37.94	280681
GCF	38.44	280710
GCF	38.94	279359
GCF	39.45	277798
GCF	39.95	275162
GCF	40.45	272077
GCF	40.95	269732
GCF	41.46	266851
GCF	41.96	263339
GCF	42.46	259179
GCF	42.96	255657
GCF	43.47	251543
GCF	43.97	246724
GCF	44.47	241849
GCF	44.97	237076
GCF	45.48	231699
GCF	45.98	226989
GCF	46.48	221625
GCF	46.98	216297
GCF	47.49	211411
GCF	47.99	206081
GCF	48.49	201354
GCF	48.99	195516
GCF	49.50	192358
GCF	50.00	183657
GCF	50.50	179807
GCF	51.01	174532
GCF	51.51	169101
GCF	52.01	163674
GCF	52.51	158444
GCF	53.02	153410
GCF	53.52	148623
GCF	54.02	143349
GCF	54.52	138458
GCF	55.03	133589
GCF	55.53	129716
GCF	56.03	125105
GCF	56.53	120789
GCF	57.04	116128
GCF	57.54	110256
GCF	58.04	105407
GCF	58.54	100068
GCF	59.05	94341
GCF	59.55	88145
GCF	60.05	82605
GCF	60.55	76531
GCF	61.06	71303
GCF	61.56	66383
GCF	62.06	61204
GCF	62.56	56921
GCF	63.07	52582
GCF	63.57	48745
GCF	64.07	44681
GCF	64.57	41149
GCF	65.08	37950
GCF	65.58	34853
GCF	66.08	32118
GCF	66.58	28785
GCF	67.09	27125
GCF	67.59	24733
GCF	68.09	22250
GCF	68.59	20566
GCF	69.10	18852
GCF	69.60	17216
GCF	70.10	15667
GCF	70.60	14228
GCF	71.11	13267
GCF	71.61	11933
GCF	72.11	10864
GCF	72.61	9987
GCF	73.12	8991
GCF	73.62	8432
GCF	74.12	7597
GCF	74.62	7110
GCF	75.13	6381
GCF	75.63	5814
GCF	76.13	5413
GCF	76.63	5103
GCF	77.14	4711
GCF	77.64	4268
GCF	78.14	3870
GCF	78.64	3592
GCF	79.15	3299
GCF	79.65	2999
GCF	80.15	2667
GCF	80.65	2473
GCF	81.16	2277
GCF	81.66	2076
GCF	82.16	1873
GCF	82.66	1677
GCF	83.17	1465
GCF	83.67	1322
GCF	84.17	1167
GCF	84.67	1021
GCF	85.18	917
GCF	85.68	801
GCF	86.18	676
GCF	86.68	566
GCF	87.19	509
GCF	87.69	423
GCF	88.19	348
GCF	88.69	303
GCF	89.20	255
GCF	89.70	225
GCF	90.20	197
GCF	90.70	148
GCF	91.21	109
GCF	91.71	96
GCF	92.21	84
GCF	92.71	73
GCF	93.22	68
GCF	93.72	56
GCF	94.22	42
GCF	94.72	33
GCF	95.23	30
GCF	95.73	22
GCF	96.23	18
GCF	96.98	11
GCF	97.74	8
GCF	98.24	6
GCF	99.25	5
# GC Content of last fragments. Use `grep ^GCL | cut -f 2-` to extract this part.
GCL	0.25	41
GCL	0.75	40
GCL	1.26	43
GCL	1.76	56
GCL	2.26	78
GCL	2.76	109
GCL	3.27	138
GCL	3.77	162
GCL	4.27	179
GCL	4.77	220
GCL	5.28	246
GCL	5.78	277
GCL	6.28	342
GCL	6.78	406
GCL	7.29	493
GCL	7.79	572
GCL	8.29	657
GCL	8.79	771
GCL	9.30	929
GCL	9.80	1107
GCL	10.30	1294
GCL	10.80	1496
GCL	11.31	1805
GCL	11.81	2093
GCL	12.31	2581
GCL	12.81	3043
GCL	13.32	3666
GCL	13.82	4406
GCL	14.32	5102
GCL	14.82	6082
GCL	15.33	7307
GCL	15.83	8685
GCL	16.33	10026
GCL	16.83	12246
GCL	17.34	14106
GCL	17.84	16582
GCL	18.34	19405
GCL	18.84	22613
GCL	19.35	26420
GCL	19.85	31275
GCL	20.35	35729
GCL	20.85	40636
GCL	21.36	46177
GCL	21.86	52423
GCL	22.36	58762
GCL	22.86	66402
GCL	23.37	73730
GCL	23.87	81918
GCL	24.37	91132
GCL	24.87	101197
GCL	25.38	108796
GCL	25.88	118766
GCL	26.38	128297
GCL	26.88	139116
GCL	27.39	149453
GCL	27.89	160019
GCL	28.39	170868
GCL	28.89	180022
GCL	29.40	190086
GCL	29.90	198636
GCL	30.40	208679
GCL	30.90	216759
GCL	31.41	225064
GCL	31.91	233553
GCL	32.41	241155
GCL	32.91	246680
GCL	33.42	254361
GCL	33.92	260063
GCL	34.42	265459
GCL	34.92	268530
GCL	35.43	271923
GCL	35.93	274805
GCL	36.43	277657
GCL	36.93	279364
GCL	37.44	280512
GCL	37.94	280733
GCL	38.44	280998
GCL	38.94	279532
GCL	39.45	277903
GCL	39.95	275290
GCL	40.45	272283
GCL	40.95	269821
GCL	41.46	266781
GCL	41.96	263526
GCL	42.46	259559
GCL	42.96	255954
GCL	43.47	251744
GCL	43.97	246797
GCL	44.47	241824
GCL	44.97	236978
GCL	45.48	231873
GCL	45.98	227027
GCL	46.48	221709
GCL	46.98	216390
GCL	47.49	211678
GCL	47.99	206374
GCL	48.49	201661
GCL	48.99	195748
GCL	49.50	192425
GCL	50.00	183746
GCL	50.50	180025
GCL	51.01	174668
GCL	51.51	169061
GCL	52.01	163688
GCL	52.51	158592
GCL	53.02	153516
GCL	53.52	148582
GCL	54.02	143346
GCL	54.52	138563
GCL	55.03	133577
GCL	55.53	129744
GCL	56.03	125267
GCL	56.53	120971
GCL	57.04	116214
GCL	57.54	110268
GCL	58.04	105506
GCL	58.54	100166
GCL	59.05	94405
GCL	59.55	88139
GCL	60.05	82572
GCL	60.55	76609
GCL	61.06	71269
GCL	61.56	66267
GCL	62.06	61188
GCL	62.56	57002
GCL	63.07	52703
GCL	63.57	48765
GCL	64.07	44691
GCL	64.57	41082
GCL	65.08	37883
GCL	65.58	34845
GCL	66.08	32129
GCL	66.58	28752
GCL	67.09	27047
GCL	67.59	24701
GCL	68.09	22264
GCL	68.59	20613
GCL	69.10	18802
GCL	69.60	17181
GCL	70.10	15661
GCL	70.60	14202
GCL	71.11	13250
GCL	71.61	11915
GCL	72.11	10884
GCL	72.61	10012
GCL	73.12	8982
GCL	73.62	8413
GCL	74.12	7567
GCL	74.62	7102
GCL	75.13	6358
GCL	75.63	5805
GCL	76.13	5404
GCL	76.63	5082
GCL	77.14	4647
GCL	77.64	4229
GCL	78.14	3856
GCL	78.64	3583
GCL	79.15	3312
GCL	79.65	3003
GCL	80.15	2645
GCL	80.65	2470
GCL	81.16	2266
GCL	81.66	2041
GCL	82.16	1881
GCL	82.66	1683
GCL	83.17	1467
GCL	83.67	1322
GCL	84.17	1171
GCL	84.67	1029
GCL	85.18	914
GCL	85.68	803
GCL	86.18	669
GCL	86.68	579
GCL	87.19	499
GCL	87.69	402
GCL	88.19	339
GCL	88.69	291
GCL	89.20	240
GCL	89.70	209
GCL	90.20	175
GCL	90.70	139
GCL	91.21	111
GCL	91.71	100
GCL	92.21	83
GCL	92.71	73
GCL	93.22	60
GCL	93.72	48
GCL	94.22	40
GCL	94.72	33
GCL	95.23	25
GCL	95.73	18
GCL	96.23	16
GCL	96.73	11
GCL	97.24	10
GCL	97.99	6
GCL	99.25	5
# ACGT content per cycle. Use `grep ^GCC | cut -f 2-` to extract this part. The columns are: cycle, and A,C,G,T counts [%]
GCC	1	28.95	21.04	21.01	29.00
GCC	2	28.67	21.31	21.26	28.76
GCC	3	29.93	20.09	20.02	29.96
GCC	4	29.23	20.77	20.68	29.32
GCC	5	29.80	20.19	20.12	29.90
GCC	6	29.74	20.25	20.20	29.81
GCC	7	29.58	20.40	20.34	29.67
GCC	8	30.16	19.84	19.79	30.21
GCC	9	30.00	20.00	19.93	30.08
GCC	10	29.56	20.44	20.37	29.63
GCC	11	29.68	20.33	20.26	29.72
GCC	12	29.58	20.41	20.37	29.64
GCC	13	29.67	20.30	20.27	29.76
GCC	14	29.52	20.47	20.44	29.57
GCC	15	29.41	20.58	20.53	29.48
GCC	16	29.30	20.70	20.63	29.37
GCC	17	29.07	20.92	20.88	29.14
GCC	18	29.00	21.02	20.95	29.03
GCC	19	29.01	21.01	20.95	29.03
GCC	20	29.14	20.88	20.81	29.17
GCC	21	29.32	20.72	20.63	29.34
GCC	22	29.43	20.56	20.49	29.52
GCC	23	29.39	20.60	20.54	29.47
GCC	24	29.37	20.64	20.56	29.43
GCC	25	29.41	20.59	20.52	29.48
GCC	26	29.34	20.67	20.60	29.39
GCC	27	29.37	20.62	20.56	29.45
GCC	28	29.24	20.73	20.70	29.32
GCC	29	29.22	20.76	20.70	29.32
GCC	30	29.31	20.71	20.61	29.38
GCC	31	29.45	20.55	20.51	29.48
GCC	32	29.45	20.55	20.52	29.48
GCC	33	29.43	20.56	20.52	29.50
GCC	34	29.50	20.53	20.45	29.52
GCC	35	29.41	20.60	20.53	29.46
GCC	36	29.36	20.63	20.57	29.44
GCC	37	29.31	20.68	20.63	29.38
GCC	38	29.36	20.66	20.62	29.37
GCC	39	29.35	20.63	20.58	29.44
GCC	40	29.33	20.67	20.61	29.39
GCC	41	29.33	20.65	20.65	29.38
GCC	42	29.47	20.50	20.46	29.57
GCC	43	29.50	20.50	20.45	29.55
GCC	44	29.53	20.48	20.42	29.57
GCC	45	29.61	20.40	20.32	29.67
GCC	46	29.49	20.50	20.46	29.55
GCC	47	29.38	20.58	20.55	29.48
GCC	48	29.41	20.60	20.53	29.46
GCC	49	29.24	20.72	20.67	29.37
GCC	50	29.30	20.67	20.65	29.38
GCC	51	29.37	20.61	20.56	29.45
GCC	52	29.39	20.62	20.55	29.43
GCC	53	29.41	20.62	20.54	29.44
GCC	54	29.44	20.57	20.50	29.49
GCC	55	29.49	20.51	20.48	29.52
GCC	56	29.42	20.58	20.50	29.50
GCC	57	29.40	20.58	20.53	29.49
GCC	58	29.47	20.52	20.48	29.52
GCC	59	29.41	20.57	20.55	29.47
GCC	60	29.30	20.67	20.62	29.41
GCC	61	29.33	20.66	20.60	29.40
GCC	62	29.37	20.64	20.60	29.39
GCC	63	29.42	20.59	20.54	29.46
GCC	64	29.46	20.53	20.49	29.52
GCC	65	29.56	20.45	20.40	29.59
GCC	66	29.51	20.47	20.42	29.61
GCC	67	29.44	20.57	20.51	29.48
GCC	68	29.41	20.58	20.53	29.48
GCC	69	29.41	20.58	20.52	29.50
GCC	70	29.34	20.58	20.60	29.48
GCC	71	29.37	20.61	20.60	29.41
GCC	72	29.43	20.55	20.53	29.49
GCC	73	29.52	20.47	20.46	29.56
GCC	74	29.52	20.46	20.40	29.62
GCC	75	29.50	20.50	20.44	29.56
GCC	76	29.45	20.55	20.49	29.51
GCC	77	29.48	20.50	20.49	29.53
GCC	78	29.48	20.52	20.46	29.54
GCC	79	29.41	20.57	20.52	29.50
GCC	80	29.37	20.66	20.58	29.39
GCC	81	29.42	20.61	20.54	29.43
GCC	82	29.42	20.56	20.54	29.48
GCC	83	29.53	20.48	20.44	29.55
GCC	84	29.56	20.45	20.40	29.59
GCC	85	29.56	20.43	20.42	29.60
GCC	86	29.65	20.34	20.30	29.71
GCC	87	29.63	20.35	20.33	29.70
GCC	88	29.55	20.47	20.40	29.58
GCC	89	29.42	20.55	20.50	29.53
GCC	90	29.37	20.61	20.54	29.48
GCC	91	29.42	20.59	20.51	29.47
GCC	92	29.49	20.52	20.46	29.53
GCC	93	29.48	20.51	20.45	29.56
GCC	94	29.58	20.41	20.37	29.64
GCC	95	29.61	20.37	20.36	29.67
GCC	96	29.62	20.37	20.33	29.69
GCC	97	29.65	20.38	20.30	29.66
GCC	98	29.68	20.40	20.29	29.63
GCC	99	29.65	20.36	20.32	29.68
GCC	100	29.59	20.44	20.37	29.60
GCC	101	29.55	20.44	20.41	29.61
GCC	102	29.66	20.39	20.34	29.61
GCC	103	29.73	20.32	20.21	29.74
GCC	104	29.69	20.32	20.27	29.73
GCC	105	29.71	20.27	20.27	29.74
GCC	106	29.76	20.23	20.17	29.84
GCC	107	29.78	20.22	20.15	29.85
GCC	108	29.73	20.32	20.29	29.67
GCC	109	29.57	20.43	20.40	29.61
GCC	110	29.47	20.46	20.49	29.59
GCC	111	29.49	20.47	20.50	29.53
GCC	112	29.61	20.44	20.47	29.49
GCC	113	29.53	20.50	20.33	29.64
GCC	114	29.61	20.43	20.39	29.57
GCC	115	29.55	20.43	20.38	29.64
GCC	116	29.45	20.57	20.52	29.46
GCC	117	29.47	20.66	20.50	29.37
GCC	118	28.70	21.12	21.20	28.98
GCC	119	28.20	21.80	21.97	28.03
# Insert sizes. Use `grep ^IS | cut -f 2-` to extract this part. The columns are: pairs total, inward oriented pairs, outward oriented pairs, other pairs
IS	0	0	0	0	0
IS	1	0	0	0	0
IS	2	0	0	0	0
IS	3	0	0	0	0
IS	4	0	0	0	0
IS	5	0	0	0	0
IS	6	0	0	0	0
IS	7	0	0	0	0
IS	8	0	0	0	0
IS	9	0	0	0	0
IS	10	0	0	0	0
IS	11	0	0	0	0
IS	12	0	0	0	0
IS	13	0	0	0	0
IS	14	0	0	0	0
IS	15	0	0	0	0
IS	16	0	0	0	0
IS	17	0	0	0	0
IS	18	0	0	0	0
IS	19	0	0	0	0
IS	20	0	0	0	0
IS	21	0	0	0	0
IS	22	0	0	0	0
IS	23	0	0	0	0
IS	24	1	1	0	0
IS	25	3	3	0	0
IS	26	10	10	0	0
IS	27	9	9	0	0
IS	28	15	15	0	0
IS	29	9	9	0	0
IS	30	16	16	0	0
IS	31	15	15	0	0
IS	32	12	12	0	0
IS	33	26	26	0	0
IS	34	16	16	0	0
IS	35	24	24	0	0
IS	36	27	27	0	0
IS	37	30	30	0	0
IS	38	38	38	0	0
IS	39	30	30	0	0
IS	40	36	36	0	0
IS	41	28	28	0	0
IS	42	34	34	0	0
IS	43	63	63	0	0
IS	44	63	63	0	0
IS	45	63	63	0	0
IS	46	70	70	0	0
IS	47	62	62	0	0
IS	48	71	71	0	0
IS	49	58	58	0	0
IS	50	69	69	0	0
IS	51	78	78	0	0
IS	52	89	89	0	0
IS	53	80	80	0	0
IS	54	98	98	0	0
IS	55	132	132	0	0
IS	56	104	104	0	0
IS	57	98	98	0	0
IS	58	119	119	0	0
IS	59	128	128	0	0
IS	60	120	120	0	0
IS	61	115	115	0	0
IS	62	110	110	0	0
IS	63	146	146	0	0
IS	64	152	152	0	0
IS	65	131	131	0	0
IS	66	141	141	0	0
IS	67	132	132	0	0
IS	68	142	142	0	0
IS	69	148	148	0	0
IS	70	142	142	0	0
IS	71	132	132	0	0
IS	72	114	114	0	0
IS	73	125	125	0	0
IS	74	152	152	0	0
IS	75	152	152	0	0
IS	76	162	162	0	0
IS	77	176	176	0	0
IS	78	220	220	0	0
IS	79	229	229	0	0
IS	80	210	210	0	0
IS	81	251	251	0	0
IS	82	213	213	0	0
IS	83	246	246	0	0
IS	84	237	237	0	0
IS	85	248	248	0	0
IS	86	285	285	0	0
IS	87	227	227	0	0
IS	88	233	233	0	0
IS	89	271	271	0	0
IS	90	254	254	0	0
IS	91	240	240	0	0
IS	92	233	233	0	0
IS	93	243	243	0	0
IS	94	241	241	0	0
IS	95	243	243	0	0
IS	96	257	257	0	0
IS	97	289	289	0	0
IS	98	292	292	0	0
IS	99	297	297	0	0
IS	100	305	305	0	0
IS	101	309	309	0	0
IS	102	300	300	0	0
IS	103	262	262	0	0
IS	104	269	269	0	0
IS	105	251	251	0	0
IS	106	274	274	0	0
IS	107	268	268	0	0
IS	108	254	254	0	0
IS	109	294	294	0	0
IS	110	275	275	0	0
IS	111	257	257	0	0
IS	112	234	234	0	0
IS	113	224	224	0	0
IS	114	252	252	0	0
IS	115	219	219	0	0
IS	116	239	239	0	0
IS	117	253	253	0	0
IS	118	270	270	0	0
IS	119	220	220	0	0
IS	120	48	48	0	0
IS	121	44	44	0	0
IS	122	31	31	0	0
IS	123	19	19	0	0
IS	124	20	20	0	0
IS	125	19	19	0	0
IS	126	23	23	0	0
IS	127	27	27	0	0
IS	128	30	30	0	0
IS	129	35	35	0	0
IS	130	32	32	0	0
IS	131	33	33	0	0
IS	132	30	30	0	0
IS	133	34	34	0	0
IS	134	30	30	0	0
IS	135	35	35	0	0
IS	136	37	37	0	0
IS	137	30	30	0	0
IS	138	34	34	0	0
IS	139	40	40	0	0
IS	140	31	31	0	0
IS	141	34	34	0	0
IS	142	37	37	0	0
IS	143	39	39	0	0
IS	144	50	50	0	0
IS	145	64	64	0	0
IS	146	81	81	0	0
IS	147	121	121	0	0
IS	148	145	145	0	0
IS	149	325	325	0	0
IS	150	577	577	0	0
IS	151	47	47	0	0
IS	152	33	33	0	0
IS	153	27	27	0	0
IS	154	39	39	0	0
IS	155	24	24	0	0
IS	156	26	26	0	0
IS	157	27	27	0	0
IS	158	21	21	0	0
IS	159	15	15	0	0
IS	160	21	21	0	0
IS	161	21	21	0	0
IS	162	16	16	0	0
IS	163	27	27	0	0
IS	164	18	18	0	0
IS	165	15	15	0	0
IS	166	17	17	0	0
IS	167	18	18	0	0
IS	168	14	14	0	0
IS	169	18	18	0	0
IS	170	18	18	0	0
IS	171	16	16	0	0
IS	172	14	14	0	0
IS	173	21	21	0	0
IS	174	15	15	0	0
IS	175	17	17	0	0
IS	176	14	14	0	0
IS	177	17	17	0	0
IS	178	11	11	0	0
IS	179	14	14	0	0
IS	180	13	13	0	0
IS	181	21	21	0	0
IS	182	13	13	0	0
IS	183	15	15	0	0
IS	184	15	15	0	0
IS	185	15	15	0	0
IS	186	14	14	0	0
IS	187	12	12	0	0
IS	188	10	10	0	0
IS	189	11	11	0	0
IS	190	17	17	0	0
IS	191	13	13	0	0
IS	192	14	14	0	0
IS	193	12	12	0	0
IS	194	14	14	0	0
IS	195	14	14	0	0
IS	196	10	10	0	0
IS	197	12	12	0	0
IS	198	12	12	0	0
IS	199	11	11	0	0
IS	200	13	13	0	0
IS	201	14	14	0	0
IS	202	8	8	0	0
IS	203	11	11	0	0
IS	204	10	10	0	0
IS	205	14	14	0	0
IS	206	12	12	0	0
IS	207	8	8	0	0
IS	208	8	8	0	0
IS	209	7	7	0	0
IS	210	6	6	0	0
IS	211	13	13	0	0
IS	212	15	15	0	0
IS	213	9	9	0	0
IS	214	8	8	0	0
IS	215	8	8	0	0
IS	216	8	8	0	0
IS	217	7	7	0	0
IS	218	11	11	0	0
IS	219	10	10	0	0
IS	220	9	9	0	0
IS	221	9	9	0	0
IS	222	7	7	0	0
IS	223	9	9	0	0
IS	224	6	6	0	0
IS	225	4	4	0	0
IS	226	6	6	0	0
IS	227	3	3	0	0
IS	228	5	5	0	0
IS	229	7	7	0	0
IS	230	4	4	0	0
IS	231	7	7	0	0
IS	232	6	6	0	0
IS	233	11	11	0	0
IS	234	2	2	0	0
IS	235	5	5	0	0
IS	236	6	6	0	0
IS	237	5	5	0	0
IS	238	6	6	0	0
IS	239	5	5	0	0
IS	240	6	6	0	0
IS	241	8	8	0	0
IS	242	5	5	0	0
IS	243	6	6	0	0
IS	244	8	8	0	0
IS	245	7	7	0	0
IS	246	8	8	0	0
IS	247	4	4	0	0
IS	248	7	7	0	0
IS	249	7	7	0	0
IS	250	6	6	0	0
IS	251	6	6	0	0
IS	252	5	5	0	0
IS	253	5	5	0	0
IS	254	6	6	0	0
IS	255	7	7	0	0
IS	256	6	6	0	0
IS	257	9	9	0	0
IS	258	10	10	0	0
IS	259	4	4	0	0
IS	260	6	6	0	0
IS	261	5	5	0	0
IS	262	5	5	0	0
IS	263	6	6	0	0
IS	264	6	6	0	0
IS	265	4	4	0	0
IS	266	5	5	0	0
IS	267	3	3	0	0
IS	268	3	3	0	0
IS	269	6	6	0	0
IS	270	4	4	0	0
IS	271	4	4	0	0
IS	272	4	4	0	0
IS	273	4	4	0	0
IS	274	2	2	0	0
IS	275	3	3	0	0
IS	276	4	4	0	0
IS	277	1	1	0	0
IS	278	2	2	0	0
IS	279	3	3	0	0
IS	280	4	4	0	0
IS	281	4	4	0	0
IS	282	7	7	0	0
IS	283	4	4	0	0
IS	284	3	3	0	0
IS	285	3	3	0	0
IS	286	3	3	0	0
IS	287	5	5	0	0
IS	288	3	3	0	0
IS	289	5	5	0	0
IS	290	1	1	0	0
IS	291	4	4	0	0
IS	292	3	3	0	0
IS	293	7	7	0	0
IS	294	5	5	0	0
IS	295	2	2	0	0
IS	296	4	4	0	0
IS	297	5	5	0	0
IS	298	2	2	0	0
IS	299	2	2	0	0
IS	300	2	2	0	0
IS	301	5	5	0	0
IS	302	4	4	0	0
IS	303	3	3	0	0
IS	304	2	2	0	0
IS	305	1	1	0	0
IS	306	2	2	0	0
IS	307	2	2	0	0
IS	308	5	5	0	0
IS	309	4	4	0	0
IS	310	3	3	0	0
IS	311	5	5	0	0
IS	312	1	1	0	0
IS	313	1	1	0	0
IS	314	2	2	0	0
IS	315	2	2	0	0
IS	316	3	3	0	0
IS	317	2	2	0	0
IS	318	2	2	0	0
IS	319	3	3	0	0
IS	320	2	2	0	0
IS	321	2	2	0	0
IS	322	1	1	0	0
IS	323	4	4	0	0
IS	324	2	2	0	0
IS	325	2	2	0	0
IS	326	3	3	0	0
IS	327	3	3	0	0
IS	328	4	4	0	0
IS	329	3	3	0	0
IS	330	3	3	0	0
IS	331	3	3	0	0
IS	332	3	3	0	0
IS	333	0	0	0	0
IS	334	4	4	0	0
IS	335	3	3	0	0
IS	336	3	3	0	0
IS	337	1	1	0	0
IS	338	2	2	0	0
IS	339	4	4	0	0
IS	340	4	4	0	0
IS	341	0	0	0	0
IS	342	2	2	0	0
IS	343	2	2	0	0
IS	344	3	3	0	0
IS	345	4	4	0	0
IS	346	1	1	0	0
IS	347	1	1	0	0
IS	348	5	5	0	0
IS	349	2	2	0	0
IS	350	3	3	0	0
IS	351	2	2	0	0
IS	352	2	2	0	0
IS	353	1	1	0	0
IS	354	2	2	0	0
IS	355	4	4	0	0
IS	356	4	4	0	0
IS	357	4	4	0	0
IS	358	1	1	0	0
IS	359	5	5	0	0
IS	360	0	0	0	0
IS	361	3	3	0	0
IS	362	5	5	0	0
IS	363	4	4	0	0
IS	364	1	1	0	0
IS	365	3	3	0	0
IS	366	4	4	0	0
IS	367	2	2	0	0
IS	368	4	4	0	0
IS	369	2	2	0	0
IS	370	1	1	0	0
IS	371	3	3	0	0
IS	372	1	1	0	0
IS	373	2	2	0	0
IS	374	0	0	0	0
IS	375	2	2	0	0
IS	376	4	4	0	0
IS	377	2	2	0	0
IS	378	3	3	0	0
IS	379	2	2	0	0
IS	380	1	1	0	0
IS	381	3	3	0	0
IS	382	3	3	0	0
IS	383	3	3	0	0
IS	384	1	1	0	0
IS	385	1	1	0	0
IS	386	4	4	0	0
IS	387	4	4	0	0
IS	388	1	1	0	0
IS	389	4	4	0	0
IS	390	2	2	0	0
IS	391	3	3	0	0
IS	392	2	2	0	0
IS	393	3	3	0	0
IS	394	2	2	0	0
IS	395	3	3	0	0
IS	396	1	1	0	0
IS	397	3	3	0	0
IS	398	2	2	0	0
IS	399	0	0	0	0
IS	400	4	4	0	0
IS	401	1	1	0	0
IS	402	1	1	0	0
IS	403	3	3	0	0
IS	404	1	1	0	0
IS	405	4	4	0	0
IS	406	4	4	0	0
IS	407	2	2	0	0
IS	408	2	2	0	0
# Read lengths. Use `grep ^RL | cut -f 2-` to extract this part. The columns are: read length, count
RL	22	11492
RL	23	11825
RL	24	14326
RL	25	17233
RL	26	19530
RL	27	21128
RL	28	21708
RL	29	22889
RL	30	24979
RL	31	29795
RL	32	35696
RL	33	41983
RL	34	48309
RL	35	54526
RL	36	61291
RL	37	65928
RL	38	69653
RL	39	74017
RL	40	74620
RL	41	77043
RL	42	82108
RL	43	87657
RL	44	94365
RL	45	101406
RL	46	106271
RL	47	111393
RL	48	116079
RL	49	117631
RL	50	118123
RL	51	119550
RL	52	123104
RL	53	127326
RL	54	135234
RL	55	141863
RL	56	147288
RL	57	150050
RL	58	153030
RL	59	158421
RL	60	159577
RL	61	149524
RL	62	144166
RL	63	145835
RL	64	147191
RL	65	150588
RL	66	154055
RL	67	155051
RL	68	155946
RL	69	154426
RL	70	149954
RL	71	143256
RL	72	140895
RL	73	140391
RL	74	139814
RL	75	140500
RL	76	141114
RL	77	142073
RL	78	147203
RL	79	150056
RL	80	147895
RL	81	142704
RL	82	138017
RL	83	137190
RL	84	136795
RL	85	136981
RL	86	137336
RL	87	139908
RL	88	144409
RL	89	151088
RL	90	149174
RL	91	136757
RL	92	130203
RL	93	126128
RL	94	122602
RL	95	121080
RL	96	119573
RL	97	119310
RL	98	120314
RL	99	119955
RL	100	120899
RL	101	120477
RL	102	120053
RL	103	118520
RL	104	114507
RL	105	113388
RL	106	112145
RL	107	113479
RL	108	116430
RL	109	116683
RL	110	113643
RL	111	108086
RL	112	103816
RL	113	98914
RL	114	94940
RL	115	93257
RL	116	91390
RL	117	90035
RL	118	90675
RL	119	88136
# Indel distribution. Use `grep ^ID | cut -f 2-` to extract this part. The columns are: length, number of insertions, number of deletions
ID	1	32747	35195
ID	2	7977	9793
ID	3	2454	3334
ID	4	2609	3484
ID	5	651	997
ID	6	409	809
ID	7	130	229
ID	8	145	414
ID	9	49	138
ID	10	40	179
ID	11	28	67
ID	12	22	123
ID	13	6	31
ID	14	6	37
ID	15	6	19
ID	16	0	27
ID	17	0	6
ID	18	0	11
ID	19	0	6
ID	20	0	12
ID	21	0	2
ID	22	0	4
# Indels per cycle. Use `grep ^IC | cut -f 2-` to extract this part. The columns are: cycle, number of insertions (fwd), .. (rev) , number of deletions (fwd), .. (rev)
IC	4	0	0	140	143
IC	5	146	138	152	162
IC	6	178	169	238	258
IC	7	221	214	224	272
IC	8	196	247	239	296
IC	9	225	237	277	279
IC	10	231	241	264	305
IC	11	249	230	268	311
IC	12	253	252	310	341
IC	13	262	282	311	335
IC	14	272	289	335	386
IC	15	296	314	327	373
IC	16	274	312	342	366
IC	17	308	323	351	383
IC	18	328	296	390	416
IC	19	342	338	368	422
IC	20	389	310	362	407
IC	21	362	353	380	375
IC	22	336	352	407	405
IC	23	354	359	363	417
IC	24	375	381	373	406
IC	25	354	378	437	394
IC	26	374	388	430	411
IC	27	388	370	449	450
IC	28	345	386	435	479
IC	29	370	357	454	422
IC	30	381	387	398	399
IC	31	356	396	419	407
IC	32	388	373	427	428
IC	33	368	417	431	431
IC	34	362	373	431	448
IC	35	378	374	430	432
IC	36	375	344	373	453
IC	37	362	384	415	417
IC	38	367	339	409	390
IC	39	391	351	420	430
IC	40	401	323	426	368
IC	41	369	369	401	404
IC	42	348	353	413	376
IC	43	330	346	415	375
IC	44	326	334	380	402
IC	45	336	334	410	393
IC	46	326	318	412	366
IC	47	316	308	379	388
IC	48	284	316	395	370
IC	49	319	314	356	378
IC	50	306	315	391	364
IC	51	301	312	388	358
IC	52	310	303	351	346
IC	53	321	320	339	320
IC	54	299	326	344	346
IC	55	303	277	307	306
IC	56	298	278	345	333
IC	57	280	293	339	310
IC	58	289	271	336	298
IC	59	251	289	323	305
IC	60	249	244	317	296
IC	61	245	259	290	280
IC	62	243	244	304	263
IC	63	272	244	295	260
IC	64	225	240	290	235
IC	65	214	210	228	263
IC	66	228	220	250	260
IC	67	197	216	273	243
IC	68	198	204	251	235
IC	69	201	230	231	218
IC	70	225	219	236	206
IC	71	224	186	218	221
IC	72	179	165	210	215
IC	73	173	161	199	187
IC	74	185	174	197	186
IC	75	168	179	188	192
IC	76	162	175	203	190
IC	77	154	160	190	180
IC	78	158	118	169	160
IC	79	150	131	169	159
IC	80	141	137	156	154
IC	81	146	130	171	151
IC	82	131	131	165	154
IC	83	141	118	133	153
IC	84	115	125	123	143
IC	85	102	129	115	139
IC	86	117	101	118	118
IC	87	89	99	112	129
IC	88	102	90	124	112
IC	89	81	86	127	102
IC	90	84	78	114	98
IC	91	87	70	97	91
IC	92	76	58	93	85
IC	93	60	72	94	69
IC	94	72	68	79	65
IC	95	55	74	71	55
IC	96	81	75	71	62
IC	97	56	65	65	69
IC	98	42	53	60	74
IC	99	52	54	71	50
IC	100	46	35	55	38
IC	101	30	42	53	44
IC	102	36	37	46	46
IC	103	36	20	60	42
IC	104	31	23	41	32
IC	105	23	17	25	27
IC	106	26	17	26	18
IC	107	17	14	24	18
IC	108	17	17	20	20
IC	109	13	11	15	16
IC	110	9	16	9	15
IC	111	7	9	12	9
IC	112	7	6	10	11
IC	113	7	9	3	4
IC	114	1	3	2	2
IC	115	3	0	1	0
# Coverage distribution. Use `grep ^COV | cut -f 2-` to extract this part.
COV	[1-1]	1	2007324
COV	[2-2]	2	333895227
COV	[3-3]	3	274047
COV	[4-4]	4	26594668
COV	[5-5]	5	32080
COV	[6-6]	6	2146732
COV	[7-7]	7	9375
COV	[8-8]	8	497819
COV	[9-9]	9	4288
COV	[10-10]	10	263323
COV	[11-11]	11	2840
COV	[12-12]	12	167393
COV	[13-13]	13	2353
COV	[14-14]	14	117057
COV	[15-15]	15	1546
COV	[16-16]	16	82900
COV	[17-17]	17	1212
COV	[18-18]	18	63245
COV	[19-19]	19	1208
COV	[20-20]	20	48156
COV	[21-21]	21	906
COV	[22-22]	22	39155
COV	[23-23]	23	916
COV	[24-24]	24	31235
COV	[25-25]	25	736
COV	[26-26]	26	25259
COV	[27-27]	27	593
COV	[28-28]	28	21289
COV	[29-29]	29	600
COV	[30-30]	30	16407
COV	[31-31]	31	519
COV	[32-32]	32	13655
COV	[33-33]	33	447
COV	[34-34]	34	11477
COV	[35-35]	35	435
COV	[36-36]	36	10081
COV	[37-37]	37	461
COV	[38-38]	38	8754
COV	[39-39]	39	371
COV	[40-40]	40	7842
COV	[41-41]	41	401
COV	[42-42]	42	6810
COV	[43-43]	43	391
COV	[44-44]	44	5465
COV	[45-45]	45	411
COV	[46-46]	46	5982
COV	[47-47]	47	327
COV	[48-48]	48	5025
COV	[49-49]	49	293
COV	[50-50]	50	4425
COV	[51-51]	51	292
COV	[52-52]	52	3889
COV	[53-53]	53	246
COV	[54-54]	54	3007
COV	[55-55]	55	243
COV	[56-56]	56	3209
COV	[57-57]	57	146
COV	[58-58]	58	3041
COV	[59-59]	59	257
COV	[60-60]	60	2514
COV	[61-61]	61	126
COV	[62-62]	62	2424
COV	[63-63]	63	137
COV	[64-64]	64	2487
COV	[65-65]	65	111
COV	[66-66]	66	2494
COV	[67-67]	67	107
COV	[68-68]	68	2120
COV	[69-69]	69	132
COV	[70-70]	70	2050
COV	[71-71]	71	148
COV	[72-72]	72	1915
COV	[73-73]	73	179
COV	[74-74]	74	1701
COV	[75-75]	75	132
COV	[76-76]	76	1537
COV	[77-77]	77	93
COV	[78-78]	78	1438
COV	[79-79]	79	103
COV	[80-80]	80	1214
COV	[81-81]	81	70
COV	[82-82]	82	1149
COV	[83-83]	83	84
COV	[84-84]	84	930
COV	[85-85]	85	100
COV	[86-86]	86	867
COV	[87-87]	87	41
COV	[88-88]	88	758
COV	[89-89]	89	36
COV	[90-90]	90	734
COV	[91-91]	91	29
COV	[92-92]	92	643
COV	[93-93]	93	49
COV	[94-94]	94	635
COV	[95-95]	95	52
COV	[96-96]	96	519
COV	[97-97]	97	52
COV	[98-98]	98	503
COV	[99-99]	99	29
COV	[100-100]	100	448
COV	[101-101]	101	59
COV	[102-102]	102	353
COV	[103-103]	103	44
COV	[104-104]	104	433
COV	[105-105]	105	52
COV	[106-106]	106	426
COV	[107-107]	107	39
COV	[108-108]	108	304
COV	[109-109]	109	26
COV	[110-110]	110	252
COV	[111-111]	111	12
COV	[112-112]	112	227
COV	[113-113]	113	17
COV	[114-114]	114	192
COV	[115-115]	115	6
COV	[116-116]	116	222
COV	[117-117]	117	13
COV	[118-118]	118	133
COV	[119-119]	119	2
COV	[120-120]	120	143
COV	[121-121]	121	11
COV	[122-122]	122	146
COV	[123-123]	123	20
COV	[124-124]	124	159
COV	[125-125]	125	5
COV	[126-126]	126	139
COV	[127-127]	127	1
COV	[128-128]	128	120
COV	[129-129]	129	6
COV	[130-130]	130	122
COV	[131-131]	131	2
COV	[132-132]	132	90
COV	[133-133]	133	6
COV	[134-134]	134	117
COV	[135-135]	135	2
COV	[136-136]	136	119
COV	[137-137]	137	7
COV	[138-138]	138	121
COV	[139-139]	139	13
COV	[140-140]	140	104
COV	[141-141]	141	3
COV	[142-142]	142	102
COV	[143-143]	143	6
COV	[144-144]	144	109
COV	[145-145]	145	7
COV	[146-146]	146	109
COV	[147-147]	147	5
COV	[148-148]	148	113
COV	[149-149]	149	2
COV	[150-150]	150	109
COV	[151-151]	151	3
COV	[152-152]	152	115
COV	[153-153]	153	4
COV	[154-154]	154	142
COV	[155-155]	155	11
COV	[156-156]	156	142
COV	[157-157]	157	8
COV	[158-158]	158	173
COV	[159-159]	159	6
COV	[160-160]	160	142
COV	[161-161]	161	11
COV	[162-162]	162	150
COV	[163-163]	163	12
COV	[164-164]	164	142
COV	[165-165]	165	11
COV	[166-166]	166	127
COV	[167-167]	167	9
COV	[168-168]	168	130
COV	[169-169]	169	14
COV	[170-170]	170	157
COV	[171-171]	171	8
COV	[172-172]	172	133
COV	[173-173]	173	9
COV	[174-174]	174	121
COV	[175-175]	175	18
COV	[176-176]	176	151
COV	[177-177]	177	13
COV	[178-178]	178	130
COV	[179-179]	179	13
COV	[180-180]	180	153
COV	[181-181]	181	15
COV	[182-182]	182	163
COV	[183-183]	183	12
COV	[184-184]	184	166
COV	[185-185]	185	11
COV	[186-186]	186	155
COV	[187-187]	187	5
COV	[188-188]	188	134
COV	[189-189]	189	14
COV	[190-190]	190	134
COV	[191-191]	191	16
COV	[192-192]	192	104
COV	[193-193]	193	12
COV	[194-194]	194	96
COV	[195-195]	195	6
COV	[196-196]	196	111
COV	[197-197]	197	10
COV	[198-198]	198	137
COV	[199-199]	199	10
COV	[200-200]	200	137
COV	[201-201]	201	16
COV	[202-202]	202	152
COV	[203-203]	203	12
COV	[204-204]	204	144
COV	[205-205]	205	12
COV	[206-206]	206	127
COV	[207-207]	207	10
COV	[208-208]	208	142
COV	[209-209]	209	9
COV	[210-210]	210	112
COV	[211-211]	211	11
COV	[212-212]	212	121
COV	[213-213]	213	21
COV	[214-214]	214	127
COV	[215-215]	215	31
COV	[216-216]	216	165
COV	[217-217]	217	20
COV	[218-218]	218	141
COV	[219-219]	219	16
COV	[220-220]	220	148
COV	[221-221]	221	19
COV	[222-222]	222	165
COV	[223-223]	223	18
COV	[224-224]	224	165
COV	[225-225]	225	23
COV	[226-226]	226	150
COV	[227-227]	227	26
COV	[228-228]	228	152
COV	[229-229]	229	21
COV	[230-230]	230	138
COV	[231-231]	231	27
COV	[232-232]	232	114
COV	[233-233]	233	24
COV	[234-234]	234	121
COV	[235-235]	235	23
COV	[236-236]	236	135
COV	[237-237]	237	16
COV	[238-238]	238	141
COV	[239-239]	239	21
COV	[240-240]	240	132
COV	[241-241]	241	15
COV	[242-242]	242	122
COV	[243-243]	243	11
COV	[244-244]	244	140
COV	[245-245]	245	16
COV	[246-246]	246	140
COV	[247-247]	247	12
COV	[248-248]	248	171
COV	[249-249]	249	7
COV	[250-250]	250	153
COV	[251-251]	251	11
COV	[252-252]	252	161
COV	[253-253]	253	15
COV	[254-254]	254	143
COV	[255-255]	255	15
COV	[256-256]	256	127
COV	[257-257]	257	9
COV	[258-258]	258	147
COV	[259-259]	259	9
COV	[260-260]	260	146
COV	[261-261]	261	18
COV	[262-262]	262	120
COV	[263-263]	263	12
COV	[264-264]	264	145
COV	[265-265]	265	16
COV	[266-266]	266	110
COV	[267-267]	267	9
COV	[268-268]	268	70
COV	[269-269]	269	8
COV	[270-270]	270	93
COV	[271-271]	271	4
COV	[272-272]	272	72
COV	[273-273]	273	2
COV	[274-274]	274	86
COV	[275-275]	275	4
COV	[276-276]	276	85
COV	[277-277]	277	5
COV	[278-278]	278	87
COV	[279-279]	279	5
COV	[280-280]	280	77
COV	[281-281]	281	3
COV	[282-282]	282	78
COV	[283-283]	283	2
COV	[284-284]	284	78
COV	[285-285]	285	1
COV	[286-286]	286	42
COV	[287-287]	287	2
COV	[288-288]	288	53
COV	[289-289]	289	5
COV	[290-290]	290	59
COV	[291-291]	291	5
COV	[292-292]	292	54
COV	[293-293]	293	1
COV	[294-294]	294	40
COV	[295-295]	295	6
COV	[296-296]	296	41
COV	[297-297]	297	6
COV	[298-298]	298	25
COV	[299-299]	299	2
COV	[300-300]	300	34
COV	[301-301]	301	6
COV	[302-302]	302	29
COV	[303-303]	303	3
COV	[304-304]	304	30
COV	[305-305]	305	4
COV	[306-306]	306	28
COV	[307-307]	307	2
COV	[308-308]	308	29
COV	[309-309]	309	4
COV	[310-310]	310	28
COV	[311-311]	311	3
COV	[312-312]	312	25
COV	[313-313]	313	4
COV	[314-314]	314	13
COV	[315-315]	315	3
COV	[316-316]	316	10
COV	[317-317]	317	1
COV	[318-318]	318	18
COV	[319-319]	319	2
COV	[320-320]	320	9
COV	[322-322]	322	13
COV	[323-323]	323	1
COV	[324-324]	324	12
COV	[326-326]	326	9
COV	[328-328]	328	16
COV	[329-329]	329	1
COV	[330-330]	330	14
COV	[332-332]	332	14
COV	[334-334]	334	16
COV	[336-336]	336	11
COV	[338-338]	338	6
COV	[339-339]	339	1
COV	[340-340]	340	15
COV	[342-342]	342	15
COV	[344-344]	344	18
COV	[346-346]	346	14
COV	[348-348]	348	16
COV	[350-350]	350	19
COV	[352-352]	352	12
COV	[354-354]	354	7
COV	[356-356]	356	5
COV	[358-358]	358	5
COV	[360-360]	360	2
COV	[362-362]	362	4
COV	[364-364]	364	4
COV	[366-366]	366	4
COV	[368-368]	368	4
COV	[370-370]	370	3
COV	[372-372]	372	1
COV	[374-374]	374	4
COV	[376-376]	376	3
COV	[378-378]	378	1
COV	[380-380]	380	3
COV	[382-382]	382	5
COV	[384-384]	384	8
COV	[386-386]	386	1
COV	[388-388]	388	1
COV	[390-390]	390	2
COV	[392-392]	392	2
COV	[396-396]	396	2
COV	[398-398]	398	2
COV	[400-400]	400	1
COV	[402-402]	402	4
COV	[404-404]	404	4
COV	[410-410]	410	1
COV	[412-412]	412	2
COV	[414-414]	414	2
COV	[416-416]	416	2
COV	[422-422]	422	1
COV	[424-424]	424	1
COV	[426-426]	426	2
COV	[428-428]	428	1
COV	[430-430]	430	4
COV	[432-432]	432	6
COV	[434-434]	434	6
COV	[436-436]	436	3
COV	[438-438]	438	6
COV	[440-440]	440	3
COV	[442-442]	442	5
COV	[444-444]	444	7
COV	[446-446]	446	7
COV	[448-448]	448	7
COV	[450-450]	450	1
COV	[452-452]	452	3
COV	[454-454]	454	1
COV	[456-456]	456	1
COV	[458-458]	458	4
COV	[460-460]	460	1
COV	[462-462]	462	3
COV	[470-470]	470	1
COV	[476-476]	476	2
COV	[478-478]	478	1
COV	[480-480]	480	1
COV	[484-484]	484	2
COV	[486-486]	486	1
COV	[490-490]	490	3
COV	[492-492]	492	5
COV	[494-494]	494	4
COV	[496-496]	496	3
COV	[498-498]	498	1
COV	[500-500]	500	2
COV	[502-502]	502	3
COV	[504-504]	504	3
COV	[506-506]	506	2
COV	[508-508]	508	1
COV	[510-510]	510	2
COV	[512-512]	512	3
COV	[514-514]	514	2
COV	[516-516]	516	2
COV	[518-518]	518	2
COV	[520-520]	520	3
COV	[522-522]	522	2
COV	[526-526]	526	1
COV	[530-530]	530	2
COV	[532-532]	532	2
COV	[534-534]	534	1
COV	[536-536]	536	1
COV	[538-538]	538	3
COV	[540-540]	540	2
COV	[542-542]	542	2
COV	[544-544]	544	1
COV	[546-546]	546	2
COV	[548-548]	548	1
COV	[550-550]	550	3
COV	[552-552]	552	2
COV	[556-556]	556	1
COV	[558-558]	558	1
COV	[570-570]	570	1
COV	[574-574]	574	2
COV	[578-578]	578	1
COV	[582-582]	582	1
COV	[590-590]	590	1
COV	[592-592]	592	1
COV	[594-594]	594	1
COV	[596-596]	596	1
COV	[598-598]	598	1
COV	[610-610]	610	1
COV	[620-620]	620	1
COV	[624-624]	624	1
COV	[626-626]	626	2
COV	[636-636]	636	1
COV	[644-644]	644	1
COV	[646-646]	646	1
COV	[652-652]	652	1
COV	[658-658]	658	1
COV	[660-660]	660	1
COV	[662-662]	662	1
COV	[666-666]	666	1
COV	[668-668]	668	3
COV	[670-670]	670	1
COV	[672-672]	672	1
COV	[674-674]	674	1
COV	[676-676]	676	1
COV	[680-680]	680	1
COV	[682-682]	682	2
COV	[684-684]	684	2
COV	[688-688]	688	1
COV	[694-694]	694	1
COV	[696-696]	696	1
COV	[700-700]	700	1
COV	[708-708]	708	2
COV	[710-710]	710	1
COV	[712-712]	712	1
COV	[718-718]	718	1
COV	[720-720]	720	1
COV	[726-726]	726	1
COV	[730-730]	730	1
COV	[732-732]	732	1
COV	[734-734]	734	1
COV	[740-740]	740	1
COV	[744-744]	744	1
COV	[746-746]	746	2
COV	[758-758]	758	2
COV	[760-760]	760	1
COV	[762-762]	762	1
COV	[768-768]	768	2
COV	[770-770]	770	1
COV	[772-772]	772	1
COV	[774-774]	774	2
COV	[776-776]	776	1
COV	[784-784]	784	1
COV	[788-788]	788	2
COV	[798-798]	798	2
COV	[802-802]	802	1
COV	[804-804]	804	2
COV	[806-806]	806	1
COV	[808-808]	808	2
COV	[810-810]	810	1
COV	[812-812]	812	2
COV	[816-816]	816	1
COV	[820-820]	820	1
COV	[822-822]	822	3
COV	[828-828]	828	1
COV	[832-832]	832	3
COV	[834-834]	834	1
COV	[860-860]	860	1
COV	[862-862]	862	1
COV	[868-868]	868	1
COV	[870-870]	870	1
COV	[876-876]	876	1
COV	[882-882]	882	1
COV	[902-902]	902	1
COV	[910-910]	910	1
COV	[922-922]	922	1
COV	[928-928]	928	1
COV	[936-936]	936	1
COV	[940-940]	940	1
COV	[962-962]	962	2
COV	[968-968]	968	1
COV	[978-978]	978	1
COV	[988-988]	988	1
COV	[992-992]	992	1
COV	[994-994]	994	1
COV	[1000-1000]	1000	1
COV	[1000<]	1000	63
# GC-depth. Use `grep ^GCD | cut -f 2-` to extract this part. The columns are: GC%, unique sequence percentiles, 10th, 25th, 50th, 75th and 90th depth percentile
GCD	0.0	0.001	0.000	0.000	0.000	0.000	0.000
GCD	1.8	0.002	0.015	0.015	0.015	0.015	0.015
GCD	11.0	0.003	0.007	0.007	0.007	0.007	0.007
GCD	12.0	0.004	0.007	0.007	0.007	0.007	0.007
GCD	18.0	0.004	0.023	0.023	0.023	0.023	0.023
GCD	19.0	0.008	0.007	0.007	0.007	0.007	0.015
GCD	20.0	0.010	0.007	0.007	0.007	0.007	0.007
GCD	21.0	0.012	0.007	0.007	0.007	0.007	0.007
GCD	22.0	0.018	0.007	0.007	0.007	0.007	0.030
GCD	23.0	0.022	0.007	0.007	0.007	0.007	0.023
GCD	24.0	0.026	0.007	0.007	0.007	0.007	0.007
GCD	25.0	0.029	0.007	0.007	0.015	0.015	0.023
GCD	26.0	0.041	0.007	0.007	0.007	0.015	0.023
GCD	27.0	0.054	0.007	0.007	0.007	0.023	0.120
GCD	28.0	0.090	0.007	0.015	0.038	0.218	0.300
GCD	29.0	0.157	0.023	0.105	0.229	0.270	0.300
GCD	30.0	0.387	0.038	0.195	0.240	0.278	0.315
GCD	31.0	1.051	0.180	0.218	0.255	0.292	0.322
GCD	32.0	2.616	0.191	0.225	0.262	0.292	0.330
GCD	33.0	5.558	0.195	0.225	0.262	0.300	0.330
GCD	34.0	10.327	0.203	0.233	0.270	0.308	0.338
GCD	35.0	16.891	0.203	0.233	0.270	0.308	0.345
GCD	36.0	24.792	0.203	0.240	0.274	0.311	0.349
GCD	37.0	33.323	0.210	0.240	0.278	0.315	0.356
GCD	38.0	41.838	0.210	0.240	0.278	0.322	0.360
GCD	39.0	50.004	0.210	0.248	0.285	0.322	0.368
GCD	40.0	57.238	0.210	0.248	0.285	0.330	0.375
GCD	41.0	63.689	0.210	0.248	0.285	0.330	0.382
GCD	42.0	69.300	0.214	0.248	0.292	0.338	0.390
GCD	43.0	74.122	0.218	0.251	0.292	0.341	0.398
GCD	44.0	78.312	0.210	0.255	0.300	0.345	0.412
GCD	45.0	81.810	0.218	0.255	0.300	0.352	0.420
GCD	46.0	84.801	0.218	0.255	0.300	0.352	0.416
GCD	47.0	87.324	0.210	0.255	0.300	0.352	0.424
GCD	48.0	89.492	0.218	0.262	0.304	0.360	0.435
GCD	49.0	91.343	0.210	0.262	0.308	0.360	0.435
GCD	50.0	92.876	0.210	0.259	0.308	0.360	0.442
GCD	51.0	94.221	0.218	0.262	0.308	0.360	0.442
GCD	52.0	95.374	0.221	0.266	0.311	0.368	0.465
GCD	53.0	96.340	0.218	0.262	0.308	0.375	0.465
GCD	54.0	97.162	0.233	0.270	0.315	0.375	0.472
GCD	55.0	97.820	0.218	0.266	0.315	0.375	0.465
GCD	56.0	98.375	0.225	0.270	0.319	0.382	0.484
GCD	57.0	98.812	0.225	0.266	0.315	0.382	0.502
GCD	58.0	99.149	0.210	0.262	0.315	0.390	0.480
GCD	59.0	99.397	0.195	0.255	0.311	0.379	0.533
GCD	60.0	99.569	0.203	0.262	0.308	0.379	0.495
GCD	61.0	99.701	0.180	0.259	0.300	0.360	0.435
GCD	62.0	99.804	0.203	0.255	0.300	0.371	0.469
GCD	63.0	99.874	0.045	0.248	0.315	0.379	0.596
GCD	64.0	99.918	0.007	0.203	0.300	0.345	0.412
GCD	65.0	99.952	0.007	0.188	0.274	0.315	0.405
GCD	66.0	99.971	0.038	0.248	0.300	0.375	0.461
GCD	67.0	99.980	0.007	0.007	0.030	0.225	0.278
GCD	68.0	99.983	0.007	0.007	0.007	0.007	0.390
GCD	69.0	99.987	0.007	0.007	0.023	0.255	0.319
GCD	70.0	99.990	0.007	0.007	0.007	0.015	0.221
GCD	71.0	99.992	0.007	0.007	0.007	0.015	0.015
GCD	72.0	99.994	0.007	0.007	0.007	0.023	0.023
GCD	73.0	99.996	0.007	0.007	0.007	0.007	0.007
GCD	74.0	99.996	0.015	0.015	0.015	0.015	0.015
GCD	75.0	99.997	0.007	0.007	0.007	0.007	0.007
GCD	78.0	99.998	0.007	0.007	0.007	0.007	0.007
GCD	79.0	99.999	0.007	0.007	0.007	0.007	0.007
GCD	84.0	100.000	0.007	0.007	0.007	0.007	0.007
